SYMBOL,TIMESTAMP,OPEN,HIGH,LOW,CLOSE,VOLUME
20MICRONS,20230201,81.4,82.45,78.4,78.9,95985
21STCENMGM,20230201,21.0,21.4,20.6,21.0,14087
360ONE,20230201,1827.3,1927.95,1827.3,1891.95,71863
3IINFOLTD,20230201,38.35,38.7,36.65,36.95,457288
3MINDIA,20230201,23329.05,23439.15,22550.0,22645.45,2366
3PLAND,20230201,23.0,23.0,21.3,21.3,91284
4THDIM,20230201,28.15,28.25,27.25,27.95,509415
5PAISA,20230201,302.05,303.25,288.0,291.1,16127
63MOONS,20230201,166.9,169.6,164.1,166.5,144805
A2ZINFRA,20230201,9.1,9.9,8.15,8.5,1141664
AAATECH,20230201,64.5,64.5,61.0,62.4,13505
AAKASH,20230201,6.6,6.7,6.4,6.4,179272
AAREYDRUGS,20230201,34.85,35.05,33.35,33.75,17222
AARON,20230201,183.7,187.05,172.0,177.5,7978
AARTIDRUGS,20230201,410.0,429.45,401.3,408.2,275272
AARTIIND,20230201,541.8,550.0,522.75,528.85,725698
AARTIPHARM,20230201,260.15,260.15,260.15,260.15,69850
AARTISURF,20230201,541.75,559.0,537.0,545.95,17825
AARVEEDEN,20230201,25.0,26.4,24.6,25.45,7767
AARVI,20230201,165.9,165.9,158.45,159.85,12036
AAVAS,20230201,1826.85,1858.2,1815.0,1841.85,63277
ABAN,20230201,46.95,47.75,44.8,45.3,102743
ABB,20230201,2860.0,2962.55,2753.85,2789.1,623110
ABBOTINDIA,20230201,20926.6,21245.85,20585.8,20700.45,10839
ABCAPITAL,20230201,142.05,143.3,133.7,136.45,2347994
ABFRL,20230201,257.95,265.5,246.9,251.85,4566228
ABMINTLLTD,20230201,58.5,58.5,57.3,57.3,38
ABSLAMC,20230201,425.0,425.05,413.5,414.5,104242
ABSLBANETF,20230201,42.05,42.05,40.0,40.84,30580
ABSLNN50ET,20230201,41.39,41.39,39.5,40.5,9355
ACC,20230201,1999.5,2008.5,1750.0,1846.45,4840022
ACCELYA,20230201,1426.2,1440.0,1354.0,1383.45,52531
ACCURACY,20230201,178.5,182.95,174.0,175.9,11665
ACE,20230201,336.0,342.5,313.6,323.75,466301
ACEINTEG,20230201,55.95,57.55,55.0,55.05,4517
ACI,20230201,654.4,668.0,620.1,632.85,163414
ADANIENT,20230201,2995.0,3010.75,1941.2,2135.35,13525314
ADANIGREEN,20230201,1278.9,1285.0,1101.55,1155.35,5928882
ADANIPORTS,20230201,627.0,629.0,459.5,495.15,46557720
ADANIPOWER,20230201,219.0,223.0,212.65,212.65,14476793
ADANITRANS,20230201,1809.5,1825.0,1596.6,1723.5,2147989
ADFFOODS,20230201,770.55,775.35,750.0,763.65,19876
ADL,20230201,62.85,64.45,61.1,61.1,159
ADORWELD,20230201,809.0,812.0,794.0,808.15,12941
ADROITINFO,20230201,21.15,22.75,21.0,21.9,114519
ADSL,20230201,99.3,104.35,98.0,99.25,135454
ADVANIHOTR,20230201,73.9,78.0,70.7,72.55,94486
ADVENZYMES,20230201,277.75,287.25,270.0,272.3,46630
AEGISCHEM,20230201,380.0,380.05,357.0,360.1,666179
AETHER,20230201,895.0,907.75,873.1,879.1,33071
AFFLE,20230201,1102.9,1114.75,1052.5,1070.55,184238
AGARIND,20230201,619.15,634.0,596.1,602.7,39238
AGI,20230201,330.0,337.0,319.0,324.65,309572
AGRITECH,20230201,107.0,107.5,95.6,99.45,72269
AGROPHOS,20230201,41.7,41.9,39.25,39.65,62730
AGSTRA,20230201,58.8,61.2,56.0,56.55,429995
AHL,20230201,243.05,249.15,234.0,236.55,41357
AHLADA,20230201,97.0,101.3,97.0,98.9,7346
AHLEAST,20230201,111.7,115.95,110.0,110.5,8060
AHLUCONT,20230201,516.0,516.0,480.1,486.6,131940
AIAENG,20230201,2743.5,2899.0,2742.9,2852.25,200467
AIRAN,20230201,16.75,16.95,16.3,16.45,91006
AIROLAM,20230201,78.8,79.95,77.55,78.75,5510
AJANTPHARM,20230201,1214.45,1214.5,1174.0,1187.7,20778
AJMERA,20230201,283.95,288.05,271.75,282.6,80723
AJOONI,20230201,5.85,6.1,5.35,5.55,614535
AJRINFRA,20230201,1.25,1.25,1.2,1.2,293915
AKASH,20230201,27.0,27.0,25.0,25.5,18230
AKG,20230201,30.45,30.45,29.75,30.1,91806
AKSHAR,20230201,62.4,62.4,62.4,62.4,35241
AKSHARCHEM,20230201,250.0,251.3,238.0,243.05,7318
AKSHOPTFBR,20230201,10.2,10.35,9.75,9.95,317369
AKZOINDIA,20230201,2252.0,2269.95,2202.35,2231.05,3575
ALANKIT,20230201,10.25,10.25,10.0,10.05,116216
ALBERTDAVD,20230201,548.1,554.85,548.05,551.0,5048
ALEMBICLTD,20230201,68.75,69.65,68.0,68.3,52009
ALICON,20230201,901.4,909.4,845.0,869.85,11509
ALKALI,20230201,132.0,135.0,126.0,128.05,13234
ALKEM,20230201,3020.5,3045.0,3011.3,3030.45,31174
ALKYLAMINE,20230201,2646.45,2688.0,2630.05,2667.05,19198
ALLCARGO,20230201,420.15,440.6,410.0,414.85,858748
ALLSEC,20230201,520.75,530.35,510.3,512.35,9003
ALMONDZ,20230201,70.0,71.0,68.05,68.7,4164
ALOKINDS,20230201,13.55,13.75,12.85,13.1,1656716
ALPA,20230201,64.0,72.65,63.75,67.4,501736
ALPHAGEO,20230201,259.95,261.7,252.85,257.0,5249
ALPSINDUS,20230201,2.05,2.05,2.05,2.05,2613
AMARAJABAT,20230201,572.0,599.6,572.0,593.7,1994590
AMBER,20230201,1911.0,1936.6,1858.0,1879.2,145392
AMBICAAGAR,20230201,24.85,24.9,24.15,24.3,7978
AMBIKCO,20230201,1586.55,1586.55,1476.05,1502.2,10694
AMBUJACEM,20230201,409.2,412.7,320.5,334.1,78282914
AMDIND,20230201,55.0,57.0,53.15,53.35,14007
AMIORG,20230201,904.0,904.0,847.35,865.7,29765
AMJLAND,20230201,28.0,28.3,26.75,27.15,22218
AMRUTANJAN,20230201,724.9,727.0,712.1,718.9,15344
ANANDRATHI,20230201,837.0,862.5,788.75,798.5,336223
ANANTRAJ,20230201,113.0,114.2,90.6,103.05,3001242
ANDHRAPAP,20230201,456.0,460.0,431.6,438.05,254121
ANDHRSUGAR,20230201,131.95,132.15,127.05,128.4,106042
ANDREWYU,20230201,24.6,25.15,23.0,23.45,238865
ANGELONE,20230201,1245.0,1266.85,1187.0,1204.15,328247
ANIKINDS,20230201,37.55,37.75,35.3,36.45,32207
ANKITMETAL,20230201,5.85,5.95,5.45,5.6,144562
ANMOL,20230201,143.95,143.95,139.8,140.4,1704
ANSALAPI,20230201,12.45,13.05,12.25,13.05,536899
ANTGRAPHIC,20230201,0.85,0.85,0.8,0.85,173344
ANUP,20230201,1050.0,1119.1,1050.0,1086.25,148537
ANURAS,20230201,596.7,598.9,570.0,579.7,53399
APARINDS,20230201,1770.0,1999.9,1748.95,1946.15,1735259
APCL,20230201,191.2,194.0,186.05,188.05,42784
APCOTEXIND,20230201,422.95,426.35,410.6,422.5,31541
APEX,20230201,234.2,240.6,222.0,225.3,377114
APLAPOLLO,20230201,1150.05,1173.65,1125.0,1149.1,384476
APLLTD,20230201,540.95,554.2,535.05,539.65,39032
APOLLO,20230201,321.0,329.9,302.85,305.5,122809
APOLLOHOSP,20230201,4275.0,4352.0,4211.5,4262.65,321331
APOLLOPIPE,20230201,515.65,515.65,498.75,502.35,75483
APOLLOTYRE,20230201,322.3,336.4,321.35,329.45,8286501
APOLSINHOT,20230201,1151.4,1184.7,1146.0,1149.95,985
APTECHT,20230201,356.9,363.9,336.95,343.65,209777
APTUS,20230201,280.3,295.95,277.25,283.7,257138
ARCHIDPLY,20230201,66.5,67.45,65.0,65.65,10206
ARCHIES,20230201,22.8,23.4,22.0,22.25,31871
ARENTERP,20230201,36.85,37.2,35.85,37.15,3081
ARIES,20230201,193.7,196.95,178.8,183.7,250941
ARIHANTCAP,20230201,51.25,52.95,47.75,49.95,99462
ARIHANTSUP,20230201,220.6,221.15,202.05,207.15,133532
ARMANFIN,20230201,1549.4,1637.0,1426.05,1482.25,68398
AROGRANITE,20230201,48.3,48.85,45.5,46.6,24486
ARROWGREEN,20230201,186.7,188.45,171.55,171.9,29044
ARSHIYA,20230201,7.0,7.2,6.8,6.85,867137
ARSSINFRA,20230201,20.2,21.35,20.2,20.65,10453
ARTEMISMED,20230201,71.2,71.55,67.05,67.85,219707
ARTNIRMAN,20230201,85.5,91.0,85.5,89.5,10017
ARVEE,20230201,109.0,110.0,104.0,104.9,593
ARVIND,20230201,85.15,87.7,83.2,84.55,1425957
ARVINDFASN,20230201,320.9,323.0,306.5,310.2,117657
ARVSMART,20230201,291.2,297.35,280.0,285.35,40556
ASAHIINDIA,20230201,505.0,529.8,499.0,503.3,171052
ASAHISONG,20230201,241.75,247.25,232.0,236.1,8313
ASAL,20230201,355.0,365.0,336.05,340.2,34693
ASALCBR,20230201,409.9,409.9,380.2,391.05,31480
ASHAPURMIN,20230201,103.95,108.9,100.6,101.85,556072
ASHIANA,20230201,142.6,151.0,142.0,143.85,141682
ASHIMASYN,20230201,16.3,16.3,15.3,15.6,51541
ASHOKA,20230201,83.45,84.65,74.4,78.75,2157291
ASHOKLEY,20230201,149.95,153.45,145.0,147.7,15509907
ASIANENE,20230201,70.85,71.25,68.2,69.3,87801
ASIANHOTNR,20230201,77.3,81.7,76.2,78.0,19607
ASIANPAINT,20230201,2749.8,2778.0,2704.8,2743.75,1176872
ASIANTILES,20230201,46.05,47.6,45.0,45.2,407967
ASPINWALL,20230201,226.8,227.6,218.05,220.15,1922
ASTEC,20230201,1395.9,1430.0,1395.7,1425.85,33140
ASTERDM,20230201,213.7,218.9,207.05,209.55,270584
ASTRAL,20230201,2071.1,2086.1,1973.0,2003.75,317028
ASTRAMICRO,20230201,275.95,280.95,259.9,265.05,366645
ASTRAZEN,20230201,3361.05,3398.2,3354.1,3386.7,3036
ASTRON,20230201,32.35,32.85,31.75,31.9,26114
ATFL,20230201,920.0,944.0,880.0,888.75,8304
ATGL,20230201,1951.0,1998.8,1897.4,1897.4,1570400
ATLANTA,20230201,15.6,17.2,15.6,15.6,44213
ATUL,20230201,7156.0,7313.75,7138.0,7176.25,48782
ATULAUTO,20230201,324.25,339.3,313.05,322.95,403906
AUBANK,20230201,622.0,633.0,600.3,611.85,1069083
AURIONPRO,20230201,352.0,365.2,343.7,347.55,53943
AUROPHARMA,20230201,410.0,426.0,408.65,412.7,2601213
AURUM,20230201,115.3,118.1,110.85,112.0,45384
AUSOMENT,20230201,67.7,69.5,67.25,67.85,2904
AUTOAXLES,20230201,2538.0,2566.3,2406.4,2471.75,68393
AUTOBEES,20230201,135.33,136.43,131.0,133.1,165358
AUTOIND,20230201,74.7,76.9,74.3,74.7,49380
AVADHSUGAR,20230201,495.2,501.9,469.15,478.3,40225
AVANTIFEED,20230201,389.9,417.0,381.25,384.6,1565970
AVONMORE,20230201,71.25,71.55,68.0,69.65,21179
AVROIND,20230201,137.5,137.5,130.05,131.45,5685
AVTNPL,20230201,99.0,102.2,96.2,98.25,125011
AWHCL,20230201,286.1,305.0,285.3,287.75,165292
AWL,20230201,475.0,488.7,443.15,443.15,10404690
AXISBANK,20230201,876.3,895.2,833.3,857.25,12409819
AXISBNKETF,20230201,412.6,422.0,397.27,406.9,6260
AXISBPSETF,20230201,10.7,10.7,10.66,10.68,13731
AXISCADES,20230201,323.0,327.9,302.25,307.1,62115
AXISCETF,20230201,74.2,75.0,73.58,74.29,770
AXISGOLD,20230201,48.91,49.69,48.75,49.32,147842
AXISHCETF,20230201,80.94,80.94,78.0,78.21,4112
AXISILVER,20230201,69.57,71.59,69.57,70.67,19446
AXISNIFTY,20230201,188.35,191.0,184.68,190.73,16573
AXISTECETF,20230201,311.0,321.23,307.5,309.17,1920
AXITA,20230201,61.45,64.0,58.0,59.35,1285562
AYMSYNTEX,20230201,66.5,68.8,61.4,65.45,16909
BAFNAPH,20230201,101.45,101.45,96.0,97.15,778
BAGFILMS,20230201,4.5,4.7,4.4,4.55,478127
BAIDFIN,20230201,31.6,32.25,29.5,31.55,64541
BAJAJ-AUTO,20230201,3829.45,3886.4,3760.1,3811.3,328212
BAJAJCON,20230201,171.0,172.0,168.6,171.15,288771
BAJAJELEC,20230201,1080.1,1160.0,1080.0,1148.0,136210
BAJAJFINSV,20230201,1348.0,1360.0,1246.85,1268.3,4761664
BAJAJHCARE,20230201,405.7,405.7,391.05,393.1,61799
BAJAJHIND,20230201,15.1,15.35,14.15,14.35,8078173
BAJAJHLDNG,20230201,5972.2,6100.0,5885.0,6082.2,103912
BAJFINANCE,20230201,5944.0,5980.4,5708.9,5817.2,2634866
BALAJITELE,20230201,42.3,42.5,40.2,40.7,71735
BALAMINES,20230201,2399.0,2435.0,2315.65,2326.45,77248
BALAXI,20230201,568.3,572.9,523.35,531.6,10848
BALKRISHNA,20230201,37.3,38.8,35.55,36.6,25961
BALKRISIND,20230201,2235.0,2280.0,2223.05,2249.9,182168
BALLARPUR,20230201,0.9,0.95,0.85,0.95,1192206
BALMLAWRIE,20230201,120.95,122.9,117.0,118.2,148575
BALPHARMA,20230201,84.45,85.8,82.5,83.75,16475
BALRAMCHIN,20230201,382.95,382.95,363.4,368.25,1393825
BANARBEADS,20230201,86.25,87.5,84.55,85.25,25897
BANARISUG,20230201,2758.05,2855.0,2742.05,2793.8,4619
BANCOINDIA,20230201,202.4,207.2,199.15,200.85,152472
BANDHANBNK,20230201,245.55,248.85,230.2,237.05,6112826
BANG,20230201,45.05,46.4,43.5,44.0,15818
BANKA,20230201,84.95,85.85,79.95,82.35,34039
BANKBARODA,20230201,169.5,169.9,151.1,154.6,70595394
BANKBEES,20230201,415.0,424.7,400.42,410.42,2045348
BANKINDIA,20230201,84.0,85.75,77.8,79.7,25489251
BANSWRAS,20230201,122.65,125.7,120.45,123.7,103322
BARBEQUE,20230201,900.1,910.0,843.65,853.05,22274
BASF,20230201,2439.35,2494.0,2352.7,2453.45,58220
BASML,20230201,49.1,50.05,46.3,46.8,71331
BATAINDIA,20230201,1529.35,1545.65,1481.3,1500.4,224009
BAYERCROP,20230201,4477.75,4515.0,4445.0,4479.6,4741
BBETF0432,20230201,1037.0,1037.99,1034.32,1036.36,168716
BBL,20230201,2573.0,2642.75,2491.0,2583.7,28784
BBOX,20230201,126.8,128.75,122.6,125.7,13284
BBTC,20230201,888.05,898.9,874.0,877.1,21310
BBTCL,20230201,264.0,269.5,254.0,257.5,6344
BCG,20230201,25.25,28.9,25.25,26.7,63322940
BCLIND,20230201,434.0,445.25,401.0,407.1,200003
BCONCEPTS,20230201,267.9,271.9,263.7,267.4,2434
BCP,20230201,4.6,4.75,4.5,4.65,160520
BDL,20230201,959.0,968.95,863.45,909.5,1302489
BEARDSELL,20230201,23.6,23.6,21.1,21.85,60252
BECTORFOOD,20230201,476.85,479.9,446.4,457.05,167265
BEDMUTHA,20230201,60.65,61.4,57.0,58.0,5192
BEL,20230201,97.0,97.25,89.05,90.95,44092961
BEML,20230201,1539.8,1579.9,1378.0,1396.05,402124
BEPL,20230201,108.0,109.4,104.25,105.25,329344
BERGEPAINT,20230201,552.75,562.85,544.0,549.75,536757
BESTAGRO,20230201,1199.0,1254.9,1087.1,1111.95,194789
BFINVEST,20230201,321.15,332.45,303.8,307.4,41446
BFUTILITIE,20230201,370.1,379.35,355.8,361.2,179145
BGRENERGY,20230201,57.15,57.9,54.6,55.25,92740
BHAGCHEM,20230201,1290.0,1290.0,1213.75,1227.0,1628
BHAGERIA,20230201,143.1,145.85,138.9,140.3,14695
BHAGYANGR,20230201,51.2,51.25,48.5,49.25,55963
BHANDARI,20230201,5.3,5.4,5.15,5.15,205812
BHARATFORG,20230201,884.85,903.8,845.05,868.15,1510298
BHARATGEAR,20230201,133.5,133.9,125.15,127.65,53260
BHARATRAS,20230201,9247.05,9344.9,9120.0,9149.75,1001
BHARATWIRE,20230201,109.0,110.95,101.4,104.0,288514
BHARTIARTL,20230201,775.95,784.65,756.6,769.1,4472974
BHEL,20230201,79.15,79.7,73.9,75.6,25871135
BIGBLOC,20230201,134.2,139.9,130.1,135.1,53779
BIKAJI,20230201,399.7,401.0,381.0,387.1,244369
BIL,20230201,210.0,210.0,200.0,201.9,8704
BINDALAGRO,20230201,26.45,26.5,24.8,25.3,373947
BIOCON,20230201,237.0,243.95,236.35,239.7,3814127
BIOFILCHEM,20230201,50.7,51.0,49.35,50.0,18598
BIRLACABLE,20230201,147.05,148.0,137.9,140.35,138473
BIRLACORPN,20230201,910.6,951.0,910.55,928.95,135385
BIRLAMONEY,20230201,58.1,59.75,54.5,55.7,65227
BIRLATYRE,20230201,3.95,3.95,3.95,3.95,287323
BKMINDST,20230201,1.05,1.1,1.0,1.1,41057
BLBLIMITED,20230201,26.5,28.5,26.05,28.05,300187
BLISSGVS,20230201,78.95,79.9,73.3,74.65,245447
BLKASHYAP,20230201,29.6,31.7,28.0,28.65,401113
BLS,20230201,184.95,191.4,172.3,181.05,4575606
BLUEDART,20230201,6315.5,6338.45,6051.0,6119.8,28509
BLUESTARCO,20230201,1237.6,1282.4,1237.6,1266.95,210561
BODALCHEM,20230201,71.5,73.3,70.0,70.45,179097
BOHRAIND,20230201,136.95,136.95,129.45,129.45,86
BOMDYEING,20230201,73.15,74.75,70.1,71.5,733687
BOROLTD,20230201,358.8,377.0,346.25,352.9,120967
BORORENEW,20230201,485.0,534.0,482.0,509.6,1971857
BOSCHLTD,20230201,17100.0,17340.0,16780.0,17118.05,13466
BPCL,20230201,343.25,344.7,330.0,334.7,4179113
BPL,20230201,66.3,67.5,64.2,64.65,151606
BRIGADE,20230201,461.7,473.35,459.45,464.75,206174
BRITANNIA,20230201,4329.9,4444.5,4326.85,4370.95,622541
BRNL,20230201,35.8,36.7,34.5,34.65,82043
BROOKS,20230201,109.8,110.3,102.6,108.8,111127
BSE,20230201,516.0,524.4,499.25,503.7,591119
BSHSL,20230201,550.5,575.1,547.75,575.1,124150
BSL,20230201,171.9,174.0,165.4,173.75,3730
BSLGOLDETF,20230201,51.87,52.05,51.17,51.94,13969
BSLNIFTY,20230201,20.5,20.55,19.72,19.85,52772
BSLSENETFG,20230201,59.17,59.17,57.28,58.08,2598
BSOFT,20230201,303.7,305.75,291.15,296.0,1939798
BURNPUR,20230201,5.05,5.2,5.0,5.0,148480
BUTTERFLY,20230201,1412.0,1480.3,1412.0,1454.8,4436
BVCL,20230201,25.9,26.25,24.15,24.95,31608
BYKE,20230201,45.8,45.9,43.1,43.65,75950
CALSOFT,20230201,18.75,18.75,17.6,18.05,38195
CAMLINFINE,20230201,158.95,163.45,150.0,151.05,368204
CAMPUS,20230201,397.25,399.75,380.35,383.4,205893
CAMS,20230201,2288.0,2300.1,2242.5,2259.05,87619
CANBK,20230201,307.0,309.0,273.65,284.45,18573785
CANFINHOME,20230201,571.15,578.75,521.0,541.8,1547817
CANTABIL,20230201,1133.7,1187.9,1100.35,1129.1,17122
CAPACITE,20230201,149.55,150.35,137.95,141.65,233836
CAPLIPOINT,20230201,696.15,711.9,690.05,693.05,23645
CAPTRUST,20230201,83.6,84.55,79.25,79.9,11858
CARBORUNIV,20230201,975.0,992.5,960.85,975.4,156964
CAREERP,20230201,125.95,129.35,119.1,122.85,40189
CARERATING,20230201,611.0,615.25,594.9,599.6,120817
CARTRADE,20230201,519.0,519.0,492.2,497.4,240402
CARYSIL,20230201,444.2,454.95,436.0,442.65,34514
CASTROLIND,20230201,118.5,120.4,116.75,118.15,725434
CCCL,20230201,1.45,1.45,1.45,1.45,36257
CCHHL,20230201,8.95,8.95,8.2,8.25,80214
CCL,20230201,543.05,553.6,528.2,535.55,154489
CDSL,20230201,1049.0,1064.95,1013.05,1021.7,374505
CEATLTD,20230201,1573.15,1613.0,1497.6,1528.05,116283
CELEBRITY,20230201,17.25,17.4,16.6,16.75,51266
CENTENKA,20230201,413.55,413.55,400.0,402.35,30095
CENTEXT,20230201,9.35,9.45,8.8,8.9,88979
CENTRALBK,20230201,30.45,30.6,28.55,28.8,7734955
CENTRUM,20230201,23.5,23.75,22.5,22.7,319682
CENTUM,20230201,658.0,660.35,611.0,624.65,10692
CENTURYPLY,20230201,520.95,525.0,494.4,502.55,115297
CENTURYTEX,20230201,694.15,712.8,688.55,695.05,182347
CERA,20230201,5260.0,5432.3,5260.0,5343.05,8704
CEREBRAINT,20230201,11.15,11.65,10.55,10.85,1252566
CESC,20230201,72.7,73.7,71.75,72.05,1654642
CGCL,20230201,753.0,759.0,751.05,754.75,81713
CGPOWER,20230201,303.85,306.0,291.55,302.4,2732882
CHALET,20230201,357.65,367.0,348.8,354.25,252911
CHAMBLFERT,20230201,316.0,318.8,291.0,297.15,3513884
CHEMBOND,20230201,271.2,289.4,265.85,273.35,145023
CHEMCON,20230201,281.0,288.8,274.15,277.1,50929
CHEMFAB,20230201,260.0,260.0,247.0,251.65,8841
CHEMPLASTS,20230201,440.15,454.1,426.55,432.05,132270
CHENNPETRO,20230201,249.0,249.0,230.0,235.1,938747
CHEVIOT,20230201,1129.45,1139.5,1080.0,1095.9,1921
CHOICEIN,20230201,261.7,265.25,253.1,256.15,33092
CHOLAFIN,20230201,731.1,774.3,731.1,749.8,10431675
CHOLAHLDNG,20230201,598.2,611.2,595.2,597.0,497415
CIGNITITEC,20230201,620.0,624.9,605.55,612.0,328806
CINELINE,20230201,108.05,109.1,105.2,106.1,13533
CINEVISTA,20230201,11.2,11.75,11.0,11.4,12142
CIPLA,20230201,1019.0,1035.9,1015.1,1032.05,1598213
CLEAN,20230201,1392.0,1425.0,1354.25,1376.4,39122
CLEDUCATE,20230201,63.5,65.0,58.75,59.55,83979
CLNINDIA,20230201,335.25,336.75,330.0,331.25,17823
CLSEL,20230201,132.05,138.7,129.0,131.2,137732
CMICABLES,20230201,18.0,19.3,17.75,18.0,11993
CMSINFO,20230201,312.7,324.0,300.35,307.1,1025038
COALINDIA,20230201,228.0,228.0,214.15,220.65,24008324
COASTCORP,20230201,209.85,251.8,209.85,223.7,506287
COCHINSHIP,20230201,515.8,522.45,475.0,484.05,1142679
COFFEEDAY,20230201,42.75,43.55,40.65,41.0,1107818
COFORGE,20230201,4400.0,4429.7,4320.05,4352.75,162450
COLPAL,20230201,1460.0,1470.0,1436.1,1452.55,562867
COMPINFO,20230201,19.35,19.7,18.65,18.9,294372
COMPUSOFT,20230201,19.5,19.5,18.5,18.7,63363
CONCOR,20230201,638.0,638.6,599.85,611.35,3147909
CONFIPET,20230201,74.45,74.9,70.0,70.95,780604
CONSOFINVT,20230201,129.6,131.15,128.2,128.2,626
CONSUMBEES,20230201,81.85,81.85,79.25,80.14,34368
CONTROLPR,20230201,456.6,458.0,432.6,441.05,19406
CORALFINAC,20230201,34.6,35.0,33.2,33.45,28955
CORDSCABLE,20230201,70.0,72.0,68.0,69.4,61167
COROMANDEL,20230201,898.5,916.0,894.5,900.45,829130
COSMOFIRST,20230201,714.0,719.75,696.1,703.6,31180
COUNCODOS,20230201,4.35,4.45,4.15,4.35,39167
CPSEETF,20230201,39.4,39.4,37.2,37.64,7022051
CRAFTSMAN,20230201,3217.1,3307.9,3085.55,3232.55,84245
CREATIVE,20230201,523.0,536.95,454.0,482.1,18571
CREATIVEYE,20230201,4.3,4.3,4.3,4.3,586
CREDITACC,20230201,864.85,965.0,862.7,900.85,308492
CREST,20230201,177.75,187.15,172.1,176.35,7225
CRISIL,20230201,3147.0,3160.0,3055.05,3088.05,22505
CROMPTON,20230201,331.55,336.1,328.5,331.45,1302023
CROWN,20230201,35.0,35.0,35.0,35.0,2292
CSBBANK,20230201,252.0,256.9,235.75,240.1,545383
CSLFINANCE,20230201,250.8,254.0,236.55,250.8,40424
CTE,20230201,60.2,60.85,57.1,57.45,23465
CUB,20230201,159.9,160.55,152.25,154.6,1716303
CUBEXTUB,20230201,35.2,36.15,35.2,36.15,20282
CUMMINSIND,20230201,1453.0,1467.9,1405.2,1426.5,508254
CUPID,20230201,275.6,285.0,265.9,268.6,94028
CYBERMEDIA,20230201,19.6,19.6,18.1,19.0,52495
CYBERTECH,20230201,133.05,134.8,128.55,129.35,37414
CYIENT,20230201,880.0,896.75,856.0,861.15,210890
DAAWAT,20230201,115.0,118.4,112.0,112.95,1253707
DABUR,20230201,560.0,568.75,553.6,561.95,2239694
DALBHARAT,20230201,1771.05,1843.35,1737.2,1768.4,413607
DALMIASUG,20230201,356.45,361.65,342.1,344.35,62263
DAMODARIND,20230201,52.3,53.95,50.7,50.9,22225
DANGEE,20230201,18.0,18.15,17.0,17.15,206333
DATAMATICS,20230201,300.0,305.95,292.95,296.1,201460
DATAPATTNS,20230201,1413.9,1478.0,1315.55,1361.7,1051983
DBCORP,20230201,124.7,124.7,117.0,119.05,184046
DBL,20230201,217.6,220.3,208.15,210.9,498163
DBOL,20230201,164.65,168.2,155.2,157.65,206475
DBREALTY,20230201,75.55,78.85,73.55,74.4,851375
DBSTOCKBRO,20230201,24.0,24.0,22.6,23.0,2641
DCAL,20230201,85.0,88.45,82.7,84.85,306578
DCBBANK,20230201,116.9,118.25,108.4,112.45,1260521
DCI,20230201,137.85,137.85,132.0,133.2,369
DCM,20230201,79.0,81.0,74.9,76.95,36059
DCMFINSERV,20230201,5.4,5.4,4.95,4.95,14849
DCMNVL,20230201,163.0,163.0,154.95,156.25,40756
DCMSHRIRAM,20230201,871.0,912.6,841.4,884.65,55180
DCMSRIND,20230201,74.0,77.0,71.35,72.1,353378
DCW,20230201,48.6,49.8,46.5,48.55,674603
DCXINDIA,20230201,195.4,195.4,179.0,180.45,448905
DECCANCE,20230201,471.05,485.95,465.0,466.5,8018
DEEPAKFERT,20230201,659.0,669.0,611.8,630.75,500984
DEEPAKNTR,20230201,1880.05,1905.3,1822.0,1846.35,349636
DEEPENR,20230201,131.0,133.05,124.05,124.05,16490
DEEPINDS,20230201,297.95,300.0,275.05,281.4,69666
DELHIVERY,20230201,303.95,307.4,298.8,305.0,1012247
DELPHIFX,20230201,376.8,384.9,352.1,358.1,2044
DELTACORP,20230201,196.95,203.35,192.1,195.75,3211318
DELTAMAGNT,20230201,75.0,76.0,73.15,74.65,2144
DEN,20230201,32.3,32.4,30.2,30.7,829694
DENORA,20230201,799.0,844.8,770.0,784.2,35512
DEVIT,20230201,103.1,106.65,101.55,102.3,8377
DEVYANI,20230201,157.7,159.9,148.9,150.0,2221921
DFMFOODS,20230201,463.0,463.0,457.05,458.3,12741
DGCONTENT,20230201,16.75,17.5,15.65,16.35,51253
DHAMPURSUG,20230201,228.65,230.0,215.1,218.2,329342
DHANBANK,20230201,18.4,18.85,17.25,17.45,1902780
DHANI,20230201,34.4,35.5,32.6,33.0,2656590
DHANUKA,20230201,683.25,715.0,680.1,683.45,33768
DHARMAJ,20230201,180.95,181.4,172.2,173.3,236859
DHARSUGAR,20230201,10.45,11.25,10.45,11.0,11458
DHRUV,20230201,56.05,61.0,56.05,58.3,61635
DHUNINV,20230201,681.95,689.35,663.0,671.05,1691
DIAMONDYD,20230201,850.3,866.35,828.0,843.5,4449
DICIND,20230201,383.0,385.5,375.0,380.5,1486
DIGISPICE,20230201,21.8,22.0,20.8,20.85,90997
DIGJAMLMTD,20230201,102.6,104.9,100.25,101.2,952
DIL,20230201,13.25,13.35,12.9,13.0,111002
DISHTV,20230201,16.3,16.35,14.8,15.3,5321794
DIVISLAB,20230201,3332.15,3419.0,3300.3,3356.85,501235
DIVOPPBEES,20230201,50.2,50.39,48.07,49.48,12323
DIXON,20230201,2724.0,2860.0,2716.05,2806.6,1641717
DJML,20230201,151.0,152.0,141.1,143.45,9645
DLF,20230201,358.55,365.6,341.55,349.0,5504489
DLINKINDIA,20230201,211.0,214.45,199.45,205.5,213958
DMART,20230201,3558.0,3580.0,3469.7,3551.35,361698
DMCC,20230201,285.5,298.4,284.1,287.2,42398
DNAMEDIA,20230201,2.9,2.9,2.8,2.9,74821
DODLA,20230201,503.05,515.0,497.65,504.45,23566
DOLATALGO,20230201,60.5,60.75,57.45,58.35,89849
DOLLAR,20230201,401.6,409.45,388.1,392.15,14085
DONEAR,20230201,99.9,101.2,91.55,95.35,136116
DPABHUSHAN,20230201,304.0,319.95,303.05,305.0,7504
DPSCLTD,20230201,12.45,12.65,12.2,12.3,60503
DPWIRES,20230201,415.0,415.0,393.0,398.25,9031
DREAMFOLKS,20230201,391.5,391.55,360.0,369.7,119377
DREDGECORP,20230201,367.7,371.8,343.3,348.8,65796
DRREDDY,20230201,4341.0,4380.0,4310.25,4351.5,405454
DSPBANKETF,20230201,41.0,41.75,40.7,41.26,4890
DSPN50ETF,20230201,178.99,181.49,177.01,177.82,8920
DSPNEWETF,20230201,207.0,207.46,202.01,204.35,10385
DSPQ50ETF,20230201,160.28,161.99,157.11,159.89,6857
DSPSILVETF,20230201,67.0,69.2,66.2,68.08,2258
DSSL,20230201,465.35,505.55,457.45,471.5,165977
DTIL,20230201,223.15,230.5,218.0,223.1,3918
DUCON,20230201,10.65,10.65,9.9,9.9,513606
DVL,20230201,245.7,249.7,239.35,240.35,38497
DWARKESH,20230201,94.0,95.9,91.25,93.4,1451684
DYCL,20230201,206.05,212.0,191.65,199.25,78202
DYNAMATECH,20230201,2489.0,2560.25,2340.1,2377.15,9522
DYNPRO,20230201,269.5,282.9,256.4,265.8,28313
E2E,20230201,168.35,178.05,168.05,171.0,5809
EASEMYTRIP,20230201,52.45,56.2,48.65,50.05,35442146
EASTSILK,20230201,3.65,3.65,3.4,3.4,30670
EBANK,20230201,4400.0,4400.0,4400.0,4400.0,1
EBBETF0423,20230201,1212.53,1212.53,1211.06,1212.49,6280
EBBETF0425,20230201,1102.74,1102.74,1100.82,1102.12,4118
EBBETF0430,20230201,1236.5,1238.0,1233.65,1235.92,26150
EBBETF0431,20230201,1101.09,1104.99,1101.07,1103.63,10975
EBBETF0433,20230201,1008.0,1009.0,1006.8,1007.24,4047
ECLERX,20230201,1460.0,1488.0,1451.65,1465.5,120129
EDELWEISS,20230201,67.55,68.55,63.45,65.15,1747221
EDUCOMP,20230201,2.15,2.15,2.1,2.15,14818
EICHERMOT,20230201,3280.0,3354.95,3240.0,3303.1,885327
EIDPARRY,20230201,540.0,549.2,527.6,541.95,475024
EIFFL,20230201,151.55,157.0,151.5,154.15,9705
EIHAHOTELS,20230201,396.0,416.9,391.0,398.65,32462
EIHOTEL,20230201,165.0,177.85,165.0,175.45,2394079
EIMCOELECO,20230201,395.9,395.9,381.2,385.5,2491
EKC,20230201,91.5,92.5,87.1,88.9,200820
ELDEHSG,20230201,575.15,593.75,572.6,585.5,1791
ELECON,20230201,389.95,396.0,362.65,373.75,327082
ELECTCAST,20230201,37.1,37.6,35.65,35.9,716360
ELECTHERM,20230201,69.8,71.45,66.1,68.35,40396
ELGIEQUIP,20230201,384.7,390.7,370.65,378.4,216873
ELGIRUBCO,20230201,33.9,34.7,32.05,32.75,17048
ELIN,20230201,207.5,210.85,194.75,198.55,110741
EMAMILTD,20230201,443.2,443.2,426.05,428.6,142477
EMAMIPAP,20230201,148.95,151.4,142.3,143.75,12686
EMAMIREAL,20230201,83.0,84.5,80.0,80.65,44145
EMIL,20230201,80.85,81.95,77.4,79.85,1061741
EMKAY,20230201,75.7,75.7,70.15,71.35,14505
EMMBI,20230201,98.2,99.4,95.15,97.05,18513
EMUDHRA,20230201,276.0,281.2,267.3,271.0,78068
ENDURANCE,20230201,1475.0,1504.9,1441.1,1461.0,20573
ENERGYDEV,20230201,20.5,20.5,19.55,19.9,45752
ENGINERSIN,20230201,88.0,88.85,81.35,83.35,3896362
ENIL,20230201,144.35,149.5,143.1,145.15,22318
EPL,20230201,156.65,160.5,154.05,156.3,246518
EQUIPPP,20230201,47.1,48.05,45.0,45.45,4206
EQUITAS,20230201,123.0,125.65,117.1,119.6,1414455
EQUITASBNK,20230201,54.55,57.2,52.7,53.2,4562079
ERIS,20230201,613.3,619.9,608.45,612.85,13227
EROSMEDIA,20230201,27.85,27.85,27.15,27.85,851449
ESABINDIA,20230201,3969.0,3988.0,3868.0,3887.7,3856
ESCORTS,20230201,2109.3,2121.5,1968.85,2016.25,292470
ESSARSHPNG,20230201,9.0,9.3,8.15,8.6,192029
ESSENTIA,20230201,7.75,7.9,7.35,7.35,598393
ESTER,20230201,128.25,128.25,121.0,122.95,73260
ETHOSLTD,20230201,1008.9,1014.9,961.6,995.4,12132
EVEREADY,20230201,345.0,349.65,330.55,332.7,78390
EVERESTIND,20230201,739.55,749.85,714.5,736.05,10339
EXCEL,20230201,0.5,0.5,0.45,0.45,2093865
EXCELINDUS,20230201,1074.6,1115.0,1074.6,1080.85,6547
EXIDEIND,20230201,181.8,188.85,178.9,182.45,6211267
EXPLEOSOL,20230201,1281.25,1286.0,1228.1,1233.45,4644
EXXARO,20230201,127.0,129.7,119.9,121.85,119155
FACT,20230201,308.9,312.45,282.75,286.45,1408557
FAIRCHEMOR,20230201,1130.0,1219.45,1127.2,1180.75,25558
FAZE3Q,20230201,290.0,294.95,281.0,283.35,2159
FCL,20230201,245.8,251.05,230.15,237.05,362439
FCONSUMER,20230201,1.2,1.2,1.15,1.2,5281270
FCSSOFT,20230201,2.55,2.8,2.55,2.6,6202698
FDC,20230201,267.5,271.45,249.15,257.55,256220
FEDERALBNK,20230201,135.45,136.45,127.1,131.35,12078487
FEL,20230201,1.5,1.5,1.45,1.5,512821
FELDVR,20230201,7.2,7.35,7.0,7.2,16689
FIBERWEB,20230201,38.55,38.55,37.0,37.35,26189
FIEMIND,20230201,1650.0,1700.0,1625.1,1663.05,59487
FILATEX,20230201,44.7,45.8,42.2,42.8,182650
FINCABLES,20230201,556.0,567.6,532.0,538.8,101118
FINEORG,20230201,4994.0,5119.95,4890.5,4926.8,33493
FINOPB,20230201,244.4,252.3,240.1,246.45,206427
FINPIPE,20230201,173.5,175.95,165.95,168.7,380031
FIVESTAR,20230201,600.05,607.1,570.15,575.4,101771
FLEXITUFF,20230201,31.3,32.5,30.0,32.2,28981
FLFL,20230201,7.4,7.55,6.9,6.95,302133
FLUOROCHEM,20230201,2808.0,2824.0,2682.25,2734.4,179444
FMGOETZE,20230201,303.25,306.4,299.3,300.25,45121
FMNL,20230201,5.15,5.3,5.05,5.1,20876
FOCUS,20230201,325.5,327.9,309.0,310.3,15025
FOODSIN,20230201,140.0,144.55,133.0,134.2,69803
FORCEMOT,20230201,1455.0,1474.5,1386.05,1414.55,39871
FORTIS,20230201,281.65,283.5,277.0,278.0,490299
FOSECOIND,20230201,1957.9,1990.45,1940.0,1949.45,1274
FSC,20230201,21.45,22.7,21.25,22.0,15728
FSL,20230201,108.05,109.85,106.35,108.2,2550463
FUSION,20230201,412.8,429.95,405.0,412.15,955364
GABRIEL,20230201,179.65,182.0,168.45,172.15,242409
GAEL,20230201,254.75,256.0,232.6,235.25,612545
GAIL,20230201,95.5,98.0,95.0,96.05,19042474
GAL,20230201,3.25,3.25,3.05,3.1,340815
GALAXYSURF,20230201,2343.8,2454.7,2340.0,2401.25,33256
GALLANTT,20230201,67.75,70.85,64.95,65.55,116777
GANDHITUBE,20230201,575.0,588.7,500.0,505.3,110455
GANECOS,20230201,905.7,905.7,867.2,890.1,26021
GANESHBE,20230201,141.3,145.0,136.25,137.85,256180
GANESHHOUC,20230201,358.85,358.85,315.1,319.3,107413
GANGAFORGE,20230201,4.25,4.4,4.15,4.3,193943
GANGESSECU,20230201,121.3,122.9,119.0,122.3,6022
GARFIBRES,20230201,2930.65,2989.7,2869.95,2917.35,5469
GATEWAY,20230201,64.8,65.9,62.8,63.15,385848
GATI,20230201,144.6,145.8,138.0,141.5,298038
GAYAHWS,20230201,0.9,0.9,0.85,0.9,393533
GAYAPROJ,20230201,7.3,7.55,7.2,7.25,397247
GEECEE,20230201,143.95,147.3,140.1,143.35,6903
GEEKAYWIRE,20230201,83.5,86.6,82.0,82.55,45078
GENCON,20230201,59.95,61.5,56.1,56.35,161055
GENESYS,20230201,426.65,443.9,408.5,415.4,7015
GENUSPAPER,20230201,17.5,17.7,16.4,16.75,248691
GENUSPOWER,20230201,92.8,98.0,92.0,94.15,1855710
GEOJITFSL,20230201,45.95,46.3,44.7,44.95,354787
GEPIL,20230201,129.0,132.35,125.55,127.1,83386
GESHIP,20230201,660.0,673.0,616.0,629.7,876560
GET&D,20230201,118.05,119.5,115.1,116.75,26812
GFLLIMITED,20230201,61.4,65.0,60.95,62.55,120378
GHCL,20230201,494.9,514.25,482.25,487.05,404084
GICHSGFIN,20230201,199.8,205.6,184.4,191.3,908630
GICRE,20230201,185.0,185.85,151.05,161.3,4895659
GILLANDERS,20230201,80.6,83.85,76.7,77.45,69126
GILLETTE,20230201,4900.0,4917.0,4855.35,4878.15,2591
GILT5YBEES,20230201,50.7,50.93,50.54,50.75,48513
GINNIFILA,20230201,32.0,32.3,30.6,30.95,56801
GIPCL,20230201,83.9,85.95,81.75,82.65,670240
GKWLIMITED,20230201,527.5,546.95,527.5,530.05,1430
GLAND,20230201,1305.0,1318.15,1252.0,1262.4,503901
GLAXO,20230201,1254.95,1267.7,1241.5,1250.0,33879
GLENMARK,20230201,386.7,394.5,378.8,382.7,707148
GLFL,20230201,2.65,2.65,2.65,2.65,2069
GLOBAL,20230201,212.95,219.15,208.1,212.55,148810
GLOBALVECT,20230201,54.2,59.5,52.0,53.1,156660
GLOBE,20230201,4.15,4.15,3.95,4.0,804896
GLOBUSSPR,20230201,802.2,814.55,781.0,799.15,95301
GLS,20230201,392.0,392.0,378.0,380.1,72939
GMBREW,20230201,577.0,584.8,564.0,570.9,19593
GMDCLTD,20230201,142.7,145.05,137.4,141.1,989420
GMMPFAUDLR,20230201,1650.25,1659.85,1563.35,1607.75,135275
GMRINFRA,20230201,38.4,39.3,36.65,37.55,12266304
GMRP&UI,20230201,20.2,20.75,18.85,19.15,597751
GNA,20230201,775.0,835.0,773.0,797.8,769911
GNFC,20230201,556.0,564.55,525.45,536.0,1507822
GOACARBON,20230201,532.5,538.0,500.1,508.25,51974
GOCLCORP,20230201,346.4,354.05,320.0,326.4,33070
GOCOLORS,20230201,1045.0,1058.95,1023.3,1047.3,83432
GODFRYPHLP,20230201,1926.05,1928.9,1779.0,1820.05,287013
GODHA,20230201,1.5,1.5,1.5,1.5,2123194
GODREJAGRO,20230201,453.65,458.35,445.0,446.6,94047
GODREJCP,20230201,927.0,939.0,898.55,929.7,2678949
GODREJIND,20230201,431.75,435.0,418.0,426.4,68477
GODREJPROP,20230201,1189.0,1206.8,1140.0,1156.45,538646
GOENKA,20230201,1.15,1.15,1.1,1.15,231118
GOKEX,20230201,365.0,373.55,350.8,356.95,96590
GOKUL,20230201,37.65,37.95,35.5,35.8,141902
GOKULAGRO,20230201,125.65,126.4,116.0,120.35,163895
GOLDBEES,20230201,48.97,49.45,48.57,49.41,3765879
GOLDENTOBC,20230201,59.0,61.95,59.0,60.4,4996
GOLDIAM,20230201,166.0,179.0,162.4,166.95,2299892
GOLDSHARE,20230201,48.95,49.4,48.75,49.3,233016
GOLDTECH,20230201,67.6,68.0,60.0,61.15,119909
GOODLUCK,20230201,452.0,461.95,436.0,440.5,46410
GOODYEAR,20230201,1088.25,1099.0,1038.0,1054.15,12254
GOYALALUM,20230201,223.45,227.05,201.1,202.4,128407
GPIL,20230201,400.15,404.55,382.0,391.2,243298
GPPL,20230201,94.1,95.75,91.0,92.4,732557
GPTINFRA,20230201,57.7,58.5,54.6,55.45,89600
GRANULES,20230201,296.4,299.4,287.15,291.5,740242
GRAPHITE,20230201,354.2,356.9,340.0,342.4,344319
GRASIM,20230201,1593.0,1623.0,1566.05,1587.8,739030
GRAUWEIL,20230201,88.5,89.0,84.0,85.2,342781
GRAVITA,20230201,520.95,525.0,486.4,504.55,465850
GREAVESCOT,20230201,146.8,149.4,138.6,141.85,2130426
GREENLAM,20230201,317.35,318.2,308.2,313.4,8642
GREENPANEL,20230201,324.3,324.3,297.9,299.85,337665
GREENPLY,20230201,143.0,143.95,136.45,140.85,78406
GREENPOWER,20230201,10.2,10.4,9.45,9.6,9036964
GRINDWELL,20230201,1999.0,2000.0,1945.9,1986.9,32773
GRINFRA,20230201,1246.7,1246.7,1191.0,1197.9,43843
GRMOVER,20230201,348.9,356.95,340.4,343.75,12839
GROBTEA,20230201,850.0,864.4,840.0,848.5,190
GRPLTD,20230201,2706.1,2744.0,2669.45,2693.3,1757
GRSE,20230201,507.2,529.1,467.0,478.95,1319488
GRWRHITECH,20230201,636.95,636.95,605.75,610.7,16688
GSCLCEMENT,20230201,36.95,37.0,35.1,35.6,32594
GSFC,20230201,131.5,132.3,122.8,125.0,3438499
GSPL,20230201,270.85,272.2,260.5,263.95,1860343
GSS,20230201,245.0,249.5,235.0,237.25,43406
GTL,20230201,5.9,6.05,5.9,6.05,746027
GTLINFRA,20230201,1.0,1.15,1.0,1.05,72603193
GTPL,20230201,123.25,125.65,120.95,121.3,57646
GUFICBIO,20230201,218.1,220.5,214.15,217.15,90904
GUJALKALI,20230201,690.35,717.25,672.05,681.45,100676
GUJAPOLLO,20230201,193.0,196.9,190.55,192.1,2216
GUJGASLTD,20230201,459.4,486.4,459.4,472.05,3358729
GUJRAFFIA,20230201,32.2,32.2,30.7,31.65,567
GULFOILLUB,20230201,427.6,436.15,421.55,426.5,10981
GULFPETRO,20230201,41.55,41.55,40.15,40.65,38146
GULPOLY,20230201,238.1,240.0,228.0,233.5,19143
GVKPIL,20230201,2.75,2.8,2.65,2.7,4127989
HAL,20230201,2575.0,2593.0,2300.0,2364.35,2323080
HAPPSTMNDS,20230201,856.55,875.0,828.0,833.65,211713
HARDWYN,20230201,316.0,316.0,301.55,306.3,6974
HARIOMPIPE,20230201,405.0,409.9,389.6,398.25,254395
HARRMALAYA,20230201,134.0,139.9,132.1,136.05,36533
HARSHA,20230201,375.0,382.5,361.95,368.6,82495
HATHWAY,20230201,16.3,16.5,15.7,15.85,1637177
HATSUN,20230201,897.25,909.2,870.15,879.05,16098
HAVELLS,20230201,1186.1,1213.25,1175.15,1198.0,774523
HAVISHA,20230201,2.1,2.2,2.1,2.15,10189
HBANKETF,20230201,411.29,423.61,399.0,406.77,11765
HBLPOWER,20230201,99.7,101.5,93.8,95.9,1992698
HBSL,20230201,52.9,53.45,49.55,50.2,9884
HCC,20230201,19.25,19.9,17.75,18.25,34731189
HCG,20230201,282.9,288.6,277.7,282.05,60828
HCL-INSYS,20230201,15.9,16.4,15.3,15.6,407122
HCLTECH,20230201,1137.0,1137.0,1114.45,1132.1,2393911
HDFC,20230201,2650.0,2729.85,2620.5,2661.7,4406327
HDFCAMC,20230201,1899.0,1914.65,1830.0,1861.1,220189
HDFCBANK,20230201,1624.0,1665.0,1606.0,1627.55,8651395
HDFCGROWTH,20230201,90.3,90.3,85.15,85.46,1753
HDFCLIFE,20230201,582.9,584.65,502.35,515.7,22671272
HDFCLOWVOL,20230201,134.8,134.8,130.5,133.36,151
HDFCMFGETF,20230201,49.99,50.99,49.98,50.7,377594
HDFCMOMENT,20230201,185.0,188.56,181.0,181.0,481
HDFCNEXT50,20230201,396.31,399.4,384.01,398.06,938
HDFCNIF100,20230201,177.78,181.7,176.02,177.23,1958
HDFCNIFETF,20230201,194.19,194.45,188.75,190.48,112370
HDFCNIFIT,20230201,299.6,304.5,297.3,301.98,451
HDFCPVTBAN,20230201,207.0,212.99,207.0,211.99,1390
HDFCQUAL,20230201,39.6,39.6,38.35,38.4,33267
HDFCSENETF,20230201,654.97,664.0,642.0,657.73,4195
HDFCSILVER,20230201,67.98,69.0,67.21,68.7,100448
HDFCVALUE,20230201,92.5,94.5,92.5,94.5,402
HDIL,20230201,4.75,4.85,4.45,4.55,333387
HEADSUP,20230201,14.6,15.1,14.0,14.15,189911
HEALTHY,20230201,7.99,8.04,7.82,7.88,89632
HECPROJECT,20230201,38.6,39.0,36.95,37.3,2919
HEG,20230201,1049.0,1060.7,1012.4,1020.4,138062
HEIDELBERG,20230201,176.25,180.7,155.3,164.8,588619
HEMIPROP,20230201,101.5,102.4,97.2,97.8,504979
HERANBA,20230201,359.0,363.05,323.0,325.0,482449
HERCULES,20230201,198.45,205.5,190.5,194.5,62163
HERIT-RE,20230201,138.05,142.0,136.0,138.05,116779
HERITGFOOD,20230201,154.0,159.15,152.3,155.25,189583
HEROMOTOCO,20230201,2775.55,2822.85,2675.05,2727.25,408279
HESTERBIO,20230201,1877.15,1886.45,1754.95,1784.95,3980
HEXATRADEX,20230201,154.35,157.95,152.05,152.3,4986
HFCL,20230201,70.0,71.5,66.75,68.3,6310033
HGINFRA,20230201,675.1,697.95,669.55,685.2,258470
HGS,20230201,1309.6,1319.9,1290.0,1297.55,34794
HIKAL,20230201,368.6,371.1,346.0,350.9,230765
HIL,20230201,2515.0,2527.0,2422.1,2445.9,9303
HILTON,20230201,87.4,88.3,82.05,82.45,205062
HIMATSEIDE,20230201,72.4,74.35,71.2,71.75,333218
HINDALCO,20230201,473.0,480.6,454.6,467.85,6075062
HINDCOMPOS,20230201,301.35,303.2,296.0,296.1,2124
HINDCON,20230201,89.1,91.0,87.25,87.45,10714
HINDCOPPER,20230201,123.9,124.3,115.25,118.2,3521247
HINDMOTORS,20230201,16.8,16.8,15.95,16.1,174974
HINDNATGLS,20230201,8.15,8.15,8.15,8.15,53654
HINDOILEXP,20230201,130.45,134.4,127.85,129.2,198480
HINDPETRO,20230201,237.0,240.6,230.1,235.45,5032993
HINDUNILVR,20230201,2600.2,2603.0,2546.85,2574.25,2014615
HINDWAREAP,20230201,420.0,435.0,413.65,425.4,114414
HINDZINC,20230201,337.45,343.0,324.2,332.4,949631
HIRECT,20230201,220.9,228.95,209.7,212.95,11335
HISARMETAL,20230201,158.3,165.95,151.1,154.8,74193
HITECH,20230201,943.8,948.5,920.0,926.15,47877
HITECHCORP,20230201,214.8,217.25,208.0,209.65,7543
HITECHGEAR,20230201,258.0,269.0,258.0,265.25,16791
HLEGLAS,20230201,610.0,614.9,590.8,597.9,24088
HLVLTD,20230201,10.5,11.15,10.1,10.45,890649
HMT,20230201,33.45,33.5,32.65,32.95,2484
HMVL,20230201,51.85,52.5,50.0,51.15,31204
HNDFDS,20230201,572.95,580.0,535.1,551.45,26443
HNGSNGBEES,20230201,314.98,319.98,310.99,317.83,38809
HOMEFIRST,20230201,750.6,773.9,740.05,759.6,73562
HONAUT,20230201,39699.0,39781.95,38696.55,39128.85,2573
HONDAPOWER,20230201,2085.0,2128.75,2002.55,2031.8,15046
HOVS,20230201,48.3,48.3,46.6,46.65,3633
HPAL,20230201,354.45,359.9,338.05,341.9,74180
HPIL,20230201,94.95,103.65,94.1,100.9,3757
HPL,20230201,98.35,99.9,92.7,94.55,269917
HSCL,20230201,93.3,93.8,87.95,89.55,1327884
HTMEDIA,20230201,19.85,20.25,19.5,19.75,259770
HUBTOWN,20230201,38.55,40.25,37.0,38.0,231732
HUDCO,20230201,48.9,49.65,45.5,46.9,6701943
HUHTAMAKI,20230201,198.35,199.4,195.0,197.05,45395
HYBRIDFIN,20230201,15.1,15.1,14.3,14.45,2459
IBMFNIFTY,20230201,194.7,194.7,183.0,185.94,292
IBREALEST,20230201,72.6,74.45,68.9,69.65,6621853
IBULHSGFIN,20230201,124.2,125.2,114.25,117.55,11550196
ICDSLTD,20230201,26.75,27.55,26.1,27.2,5286
ICEMAKE,20230201,264.9,265.0,248.3,249.7,14360
ICICI10GS,20230201,207.75,207.99,207.25,207.25,808
ICICI500,20230201,25.47,25.48,24.61,24.72,106272
ICICI5GSEC,20230201,51.25,51.4,50.9,51.4,30
ICICIALPLV,20230201,170.99,172.69,167.91,168.45,170575
ICICIAUTO,20230201,136.17,136.27,131.0,133.26,65307
ICICIB22,20230201,58.9,59.78,55.74,56.52,207982
ICICIBANK,20230201,843.45,875.2,823.15,847.95,39237711
ICICIBANKN,20230201,40.4,42.08,39.69,40.67,142478
ICICIBANKP,20230201,206.04,212.3,200.92,205.4,47999
ICICICOMMO,20230201,57.25,57.6,55.7,56.5,37798
ICICICONSU,20230201,74.5,75.2,73.29,74.11,50028
ICICIFIN,20230201,16.24,16.5,15.8,15.89,103051
ICICIFMCG,20230201,458.94,465.0,449.1,458.5,14946
ICICIGI,20230201,1134.8,1144.8,1106.1,1125.35,657740
ICICIGOLD,20230201,50.3,51.06,49.81,50.87,742571
ICICIINFRA,20230201,51.5,52.19,50.9,51.05,34818
ICICILIQ,20230201,999.99,1000.01,999.5,999.99,393028
ICICILOVOL,20230201,142.98,142.98,139.49,140.79,141387
ICICIM150,20230201,118.23,120.04,116.56,117.46,73346
ICICIMCAP,20230201,98.4,98.4,94.41,95.3,31027
ICICIMOM30,20230201,19.3,19.3,18.11,18.3,194257
ICICINF100,20230201,195.25,195.47,189.89,190.88,55269
ICICINIFTY,20230201,194.7,195.55,189.5,191.96,514665
ICICINV20,20230201,102.0,103.08,101.41,102.47,132759
ICICINXT50,20230201,41.75,41.75,39.3,39.8,176247
ICICIPHARM,20230201,79.25,80.54,78.45,78.87,20903
ICICIPRULI,20230201,454.1,456.6,390.35,401.95,8989162
ICICISENSX,20230201,662.97,669.07,648.04,659.11,16720
ICICISILVE,20230201,70.0,71.31,69.95,71.18,334116
ICICITECH,20230201,31.43,31.43,30.71,31.14,136257
ICIL,20230201,127.5,132.4,127.15,129.6,152025
ICRA,20230201,4497.35,4550.65,4336.5,4379.9,3969
IDBI,20230201,53.0,53.75,48.75,50.45,16080995
IDBIGOLD,20230201,5246.85,5300.0,5199.95,5265.2,737
IDEA,20230201,7.15,7.2,6.6,6.7,122646396
IDFC,20230201,86.95,89.9,81.8,84.35,18129361
IDFCFIRSTB,20230201,58.95,59.75,55.05,56.5,40879663
IDFNIFTYET,20230201,188.0,191.58,183.32,184.79,7306
IEL,20230201,15.25,16.1,14.6,14.6,1855272
IEX,20230201,139.3,140.15,134.35,136.75,3455126
IFBAGRO,20230201,512.0,518.8,495.05,503.55,16826
IFBIND,20230201,859.5,863.5,826.0,836.05,8974
IFCI,20230201,12.8,12.9,11.95,12.15,12644756
IFGLEXPOR,20230201,260.5,266.9,258.1,259.65,8911
IGARASHI,20230201,426.55,429.8,415.55,417.95,31754
IGL,20230201,427.0,433.5,418.05,423.95,1090246
IGPL,20230201,485.7,497.15,473.5,480.35,16224
IIFL,20230201,511.75,534.9,499.05,519.9,1736759
IIFLSEC,20230201,69.85,70.3,65.8,67.9,466532
IITL,20230201,94.9,94.9,85.45,86.75,9975
IL&FSENGG,20230201,14.85,15.25,14.2,14.75,52547
IL&FSTRANS,20230201,4.25,4.25,3.95,4.0,50330
IMAGICAA,20230201,36.9,38.05,34.45,34.5,1789601
IMFA,20230201,286.95,294.25,277.0,285.2,195353
IMPAL,20230201,712.95,720.05,700.0,710.6,1397
IMPEXFERRO,20230201,3.4,3.6,3.4,3.6,202049
INCREDIBLE,20230201,21.6,22.05,21.45,21.5,1617
INDBANK,20230201,27.75,28.0,25.7,25.95,179295
INDHOTEL,20230201,318.0,330.45,310.2,326.7,29448497
INDIACEM,20230201,195.0,202.95,187.4,193.85,4400562
INDIAGLYCO,20230201,681.55,694.45,665.0,671.7,33407
INDIAMART,20230201,4538.8,4656.0,4451.7,4507.4,78287
INDIANB,20230201,306.0,310.0,273.65,292.75,3044737
INDIANCARD,20230201,219.05,223.95,205.6,208.75,1871
INDIANHUME,20230201,147.0,147.0,141.55,142.95,26131
INDIGO,20230201,2120.25,2146.75,2062.8,2084.9,807503
INDIGOPNTS,20230201,1177.15,1192.0,1148.75,1156.8,40453
INDLMETER,20230201,6.65,6.65,6.3,6.6,1041
INDNIPPON,20230201,379.75,383.0,375.45,377.85,5575
INDO-RE,20230201,0.8,0.8,0.7,0.7,244106
INDOAMIN,20230201,102.45,102.5,96.65,98.75,51777
INDOBORAX,20230201,124.9,126.55,124.0,124.35,11011
INDOCO,20230201,327.6,340.2,320.2,325.05,151968
INDORAMA,20230201,54.75,54.75,51.5,52.55,65745
INDOSTAR,20230201,154.9,157.95,154.9,157.4,14420
INDOTECH,20230201,216.55,216.65,206.55,208.55,8511
INDOTHAI,20230201,480.35,480.35,436.0,469.15,42644
INDOWIND,20230201,13.95,13.95,13.25,13.55,101099
INDRAMEDCO,20230201,86.75,87.95,82.85,83.7,158620
INDSWFTLAB,20230201,64.75,66.9,64.2,64.6,47161
INDSWFTLTD,20230201,10.55,10.55,9.6,9.85,26363
INDTERRAIN,20230201,70.25,71.5,67.5,68.4,121475
INDUSINDBK,20230201,1094.0,1119.0,990.0,1041.85,7563064
INDUSTOWER,20230201,154.6,155.25,140.85,144.35,11882959
INFIBEAM,20230201,17.5,17.5,16.15,16.25,9421886
INFOBEAN,20230201,498.05,503.95,482.75,485.7,13391
INFOMEDIA,20230201,4.25,4.25,4.05,4.05,37618
INFRABEES,20230201,531.65,542.6,520.8,523.79,27452
INFY,20230201,1542.2,1555.05,1528.05,1551.1,6194199
INGERRAND,20230201,1969.05,2000.95,1899.55,1938.3,7609
INOXGREEN,20230201,48.75,52.3,46.05,47.85,2579122
INOXLEISUR,20230201,501.75,512.3,485.45,489.15,384725
INOXWIND,20230201,97.0,103.85,88.8,92.0,1098300
INSECTICID,20230201,615.65,636.0,604.0,614.15,8944
INSPIRISYS,20230201,54.75,55.2,51.6,52.0,9684
INTELLECT,20230201,440.8,446.9,423.3,428.9,342400
INTENTECH,20230201,71.05,76.4,67.1,71.25,119747
INTLCONV,20230201,56.8,58.25,55.4,56.7,80681
INVENTURE,20230201,2.5,2.5,2.4,2.45,2908616
IOB,20230201,29.1,29.35,25.95,27.2,44409466
IOC,20230201,81.7,81.95,78.35,79.8,20031377
IOLCP,20230201,321.3,327.9,311.4,314.55,108658
IONEXCHANG,20230201,2639.9,2743.7,2617.8,2699.1,35128
IPCALAB,20230201,848.95,860.6,848.9,853.45,152975
IPL,20230201,235.45,239.6,230.35,233.65,59423
IRB,20230201,289.0,292.4,273.65,281.5,6622233
IRCON,20230201,61.8,62.4,56.3,57.7,13392150
IRCTC,20230201,641.0,652.8,616.8,628.05,3338066
IRFC,20230201,33.85,34.15,30.8,31.5,78444937
IRIS,20230201,85.2,88.9,80.1,81.45,265715
IRISDOREME,20230201,293.65,298.0,290.05,296.1,17549
ISEC,20230201,492.0,500.0,480.55,483.35,100820
ISFT,20230201,139.85,141.9,134.1,136.95,6316
ISGEC,20230201,438.15,449.9,436.0,440.9,37532
ISMTLTD,20230201,65.25,66.0,61.0,63.1,1450668
ITBEES,20230201,31.09,31.35,30.86,31.23,3106760
ITC,20230201,353.0,365.7,329.1,361.4,64518967
ITDC,20230201,341.65,349.0,335.0,339.15,51695
ITDCEM,20230201,111.45,113.8,102.0,104.3,1937107
ITI,20230201,102.95,104.55,99.5,100.45,268752
IVC,20230201,7.1,7.35,6.95,7.0,326015
IVP,20230201,132.5,134.0,127.55,129.65,11280
IVZINGOLD,20230201,5090.7,5150.0,5071.05,5136.45,62
IWEL,20230201,944.7,982.0,931.1,942.5,1018
IZMO,20230201,72.6,72.6,70.7,70.75,13727
J&KBANK,20230201,55.65,56.65,49.9,52.9,9203694
JAGRAN,20230201,72.9,74.2,72.55,73.25,135495
JAGSNPHARM,20230201,359.0,359.0,344.0,345.65,12234
JAIBALAJI,20230201,54.6,56.5,50.85,51.7,374626
JAICORPLTD,20230201,136.9,140.45,128.35,131.85,1038367
JAIPURKURT,20230201,97.0,101.0,95.1,98.3,3571
JAMNAAUTO,20230201,105.5,106.8,102.25,103.45,405306
JASH,20230201,864.85,874.95,851.0,854.6,4169
JAYAGROGN,20230201,180.5,187.85,177.35,178.45,27712
JAYBARMARU,20230201,158.0,159.0,151.5,154.25,10430
JAYNECOIND,20230201,22.7,23.2,21.8,22.0,207786
JAYSREETEA,20230201,96.0,96.6,93.15,93.85,26909
JBCHEPHARM,20230201,2037.9,2064.8,1993.75,2020.8,42406
JBFIND,20230201,7.95,7.95,7.65,7.7,51337
JBMA,20230201,539.7,547.55,503.45,513.6,186085
JCHAC,20230201,1070.1,1090.0,1055.05,1067.85,26621
JETAIRWAYS,20230201,70.5,71.7,69.2,70.75,25013
JETFREIGHT,20230201,20.6,21.85,18.4,18.55,2300255
JHS,20230201,20.0,20.2,19.4,19.6,63781
JINDALPHOT,20230201,319.0,319.0,299.05,302.85,4454
JINDALPOLY,20230201,728.3,735.0,703.95,715.85,31847
JINDALSAW,20230201,125.0,131.25,117.8,124.2,6496747
JINDALSTEL,20230201,580.0,622.75,577.4,608.25,7178955
JINDRILL,20230201,266.0,266.9,259.1,264.3,166994
JINDWORLD,20230201,398.4,403.95,368.0,377.35,91650
JISLDVREQS,20230201,18.45,18.45,17.8,17.85,14279
JISLJALEQS,20230201,31.25,32.25,29.1,29.85,2532338
JITFINFRA,20230201,103.9,104.0,97.0,97.2,16842
JKCEMENT,20230201,2710.95,2764.0,2639.05,2674.1,132703
JKIL,20230201,271.25,279.95,260.1,264.25,169662
JKLAKSHMI,20230201,739.95,803.0,738.95,774.1,928172
JKPAPER,20230201,414.95,415.4,390.5,399.2,598987
JKTYRE,20230201,169.2,172.9,162.8,164.55,1308794
JMA,20230201,66.4,68.3,66.4,67.85,2858
JMFINANCIL,20230201,65.55,68.5,64.35,65.25,3655834
JOCIL,20230201,188.3,190.9,184.25,185.5,1927
JPASSOCIAT,20230201,9.2,9.35,8.8,8.95,8699031
JPINFRATEC,20230201,1.6,1.6,1.55,1.6,2586968
JPOLYINVST,20230201,433.05,440.0,419.75,421.25,4469
JPPOWER,20230201,7.25,7.3,6.85,6.95,28681189
JSL,20230201,257.0,272.6,254.95,262.05,1463267
JSLHISAR,20230201,461.75,483.1,461.75,473.55,207411
JSWENERGY,20230201,240.0,248.85,231.0,235.2,950636
JSWHL,20230201,4060.0,4128.0,3905.15,3935.3,1292
JSWISPL,20230201,30.8,31.45,30.55,30.95,1738911
JSWSTEEL,20230201,722.0,738.7,719.8,729.7,3271508
JTEKTINDIA,20230201,138.8,138.8,129.55,131.8,110995
JTLIND,20230201,341.0,341.0,313.45,319.5,288336
JUBLFOOD,20230201,492.0,501.9,441.0,456.45,6486792
JUBLINDS,20230201,419.0,419.9,406.35,409.55,13830
JUBLINGREA,20230201,487.5,499.9,485.0,493.8,374482
JUBLPHARMA,20230201,353.9,367.6,333.1,344.65,125770
JUNIORBEES,20230201,427.1,427.1,402.93,408.42,253135
JUSTDIAL,20230201,633.0,644.0,606.0,616.7,129548
JWL,20230201,124.95,127.7,116.95,116.95,1139968
JYOTHYLAB,20230201,205.8,212.3,204.05,205.85,636386
JYOTISTRUC,20230201,10.05,10.05,9.2,9.2,1924371
KABRAEXTRU,20230201,557.0,602.7,547.25,563.55,692305
KAJARIACER,20230201,1065.0,1089.9,1044.15,1066.9,132107
KAKATCEM,20230201,203.25,206.6,193.95,197.7,8597
KALPATPOWR,20230201,517.9,524.65,513.0,515.35,376183
KALYANIFRG,20230201,230.8,236.25,223.0,231.45,1499
KALYANKJIL,20230201,119.3,119.3,109.5,112.4,4738212
KAMATHOTEL,20230201,129.75,134.65,123.5,123.5,173216
KAMDHENU,20230201,395.1,398.7,375.75,382.65,84937
KAMOPAINTS,20230201,169.0,175.0,163.1,163.1,68809
KANANIIND,20230201,9.0,9.0,8.3,8.5,114016
KANORICHEM,20230201,132.8,132.8,125.6,127.3,18569
KANPRPLA,20230201,101.0,101.05,97.0,97.55,12618
KANSAINER,20230201,422.7,427.4,408.25,415.55,364307
KAPSTON,20230201,138.5,141.0,137.0,138.65,903
KARMAENG,20230201,26.5,27.1,26.2,26.3,1606
KARURVYSYA,20230201,108.0,109.5,103.0,104.5,3262469
KAUSHALYA,20230201,4.45,4.65,4.4,4.5,50590
KAVVERITEL,20230201,6.55,6.8,6.55,6.7,27606
KAYA,20230201,308.0,308.0,287.1,293.3,8443
KAYNES,20230201,791.8,815.0,782.0,808.8,530852
KBCGLOBAL,20230201,3.75,3.75,3.45,3.55,4296400
KCP,20230201,105.0,107.75,101.5,103.35,157155
KCPSUGIND,20230201,27.9,28.7,25.2,26.25,545733
KDDL,20230201,1052.0,1124.85,1052.0,1069.65,75011
KEC,20230201,450.0,471.4,435.55,456.5,619091
KECL,20230201,72.45,74.85,67.8,68.95,673864
KEEPLEARN,20230201,3.95,4.1,3.8,4.0,35567
KEI,20230201,1640.0,1696.0,1621.15,1660.9,357478
KELLTONTEC,20230201,56.55,57.4,54.7,55.4,97722
KENNAMET,20230201,2182.85,2222.0,2109.05,2133.8,7921
KERNEX,20230201,295.0,308.0,291.0,294.15,5350
KESORAMIND,20230201,57.35,58.85,55.15,56.85,1075236
KEYFINSERV,20230201,99.7,101.8,95.7,97.9,2978
KFINTECH,20230201,318.1,324.75,304.5,308.05,163043
KHADIM,20230201,229.5,229.55,209.8,217.75,24784
KHAICHEM,20230201,72.8,73.1,66.2,68.05,248974
KHAITANLTD,20230201,49.85,49.85,48.9,49.15,1156
KHANDSE,20230201,33.6,34.7,32.2,33.3,5113
KICL,20230201,1906.65,1910.95,1801.4,1837.4,1734
KILITCH,20230201,152.95,153.75,148.6,150.05,2693
KIMS,20230201,1493.0,1499.95,1440.0,1450.35,65676
KINGFA,20230201,1305.0,1354.45,1270.0,1295.85,7234
KIOCL,20230201,214.35,217.05,198.7,203.45,101659
KIRIINDUS,20230201,285.0,295.8,260.05,270.25,426738
KIRLFER,20230201,380.0,388.8,366.6,371.15,230524
KIRLOSBROS,20230201,324.45,326.0,320.0,322.2,44167
KIRLOSENG,20230201,316.5,321.95,300.0,305.3,229907
KIRLOSIND,20230201,1945.0,1988.4,1940.9,1976.95,2301
KITEX,20230201,182.3,183.5,175.15,176.95,57393
KKCL,20230201,443.2,448.75,431.95,435.5,73214
KMSUGAR,20230201,28.4,28.4,26.55,26.95,297956
KNRCON,20230201,252.0,259.0,237.8,241.05,648663
KOHINOOR,20230201,69.25,75.4,69.25,72.15,1969259
KOKUYOCMLN,20230201,79.2,79.2,69.3,71.2,467224
KOLTEPATIL,20230201,283.5,292.0,274.2,278.1,183325
KOPRAN,20230201,130.95,137.9,124.2,126.35,198922
KOTAKALPHA,20230201,26.55,26.79,25.7,25.96,304185
KOTAKBANK,20230201,1745.0,1784.0,1720.75,1744.7,3652098
KOTAKBKETF,20230201,416.99,425.91,401.03,410.15,60110
KOTAKCONS,20230201,73.8,74.41,73.05,73.95,1030
KOTAKGOLD,20230201,48.9,49.47,48.88,49.4,236038
KOTAKIT,20230201,31.14,31.15,30.8,31.01,93740
KOTAKLIQ,20230201,1000.01,1000.01,999.99,999.99,2534
KOTAKLOVOL,20230201,13.01,13.65,13.01,13.25,6543
KOTAKMID50,20230201,88.0,89.31,86.01,87.05,2835
KOTAKMNC,20230201,19.5,19.57,19.0,19.1,1652
KOTAKNIFTY,20230201,188.89,191.63,186.05,187.71,34806
KOTAKNV20,20230201,104.01,104.98,102.0,103.1,19356
KOTAKPSUBK,20230201,405.97,405.97,362.5,374.97,188880
KOTAKSILVE,20230201,66.65,69.5,66.65,69.27,3380
KOTARISUG,20230201,42.0,42.0,39.4,40.5,311884
KOTHARIPET,20230201,66.0,66.0,64.0,64.5,23659
KOTHARIPRO,20230201,116.5,117.5,113.25,114.4,7050
KOVAI,20230201,1758.65,1762.45,1731.75,1746.35,3459
KPIGREEN,20230201,477.0,498.0,445.05,450.45,631992
KPITTECH,20230201,775.0,779.0,734.35,742.6,2995906
KPRMILL,20230201,529.3,538.4,517.3,523.35,177689
KRBL,20230201,396.0,403.35,378.4,385.25,265070
KREBSBIO,20230201,102.0,102.0,98.35,99.3,7420
KRIDHANINF,20230201,3.1,3.3,3.1,3.15,97170
KRISHANA,20230201,443.8,462.0,431.8,454.15,85793
KRITI,20230201,80.8,80.8,75.2,76.3,20368
KRITIKA,20230201,10.9,11.8,10.75,11.6,573044
KRITINUT,20230201,48.0,48.0,45.55,46.75,21493
KRSNAA,20230201,429.7,436.05,416.6,424.2,69117
KSB,20230201,1825.9,1848.45,1797.05,1821.85,14695
KSCL,20230201,531.8,558.55,508.75,514.2,331358
KSHITIJPOL,20230201,31.85,32.3,30.8,31.75,632717
KSL,20230201,334.15,340.35,328.45,333.5,38505
KSOLVES,20230201,438.25,438.25,430.0,431.35,16754
KTKBANK,20230201,144.4,148.0,136.0,138.25,1246243
KUANTUM,20230201,135.3,137.85,129.5,130.65,101195
L&TFH,20230201,89.75,89.95,83.7,86.15,6219146
LAGNAM,20230201,60.9,61.0,58.1,60.1,21707
LAKPRE,20230201,5.65,5.75,5.3,5.75,2920
LALPATHLAB,20230201,2103.0,2118.0,2041.0,2052.5,86729
LAMBODHARA,20230201,165.95,173.95,148.7,153.15,299196
LANCER,20230201,187.7,193.4,177.1,181.1,330967
LANDMARK,20230201,630.0,643.0,608.85,616.85,95577
LAOPALA,20230201,377.15,384.0,361.5,366.25,100969
LASA,20230201,25.7,26.15,24.85,25.35,55155
LATENTVIEW,20230201,373.0,374.25,360.2,363.15,396556
LAURUSLABS,20230201,330.4,347.8,329.2,334.1,2865470
LAXMICOT,20230201,22.95,23.25,22.3,22.75,19399
LAXMIMACH,20230201,11300.0,11826.25,11299.95,11441.1,6162
LCCINFOTEC,20230201,2.25,2.3,2.2,2.25,130389
LEMONTREE,20230201,78.5,82.95,77.7,80.95,18602025
LFIC,20230201,117.25,121.45,115.55,116.4,1277
LGBBROSLTD,20230201,686.35,689.6,645.1,667.5,191995
LGBFORGE,20230201,10.25,10.55,9.8,10.1,188593
LIBAS,20230201,17.75,17.95,16.9,17.0,103058
LIBERTSHOE,20230201,263.0,267.25,247.55,249.8,58933
LICHSGFIN,20230201,403.8,408.45,374.75,386.9,2755215
LICI,20230201,660.0,665.4,582.35,598.45,6326960
LICNETFGSC,20230201,22.8,22.9,22.56,22.72,2426
LICNETFN50,20230201,191.19,193.0,188.0,189.25,2651
LICNETFSEN,20230201,664.5,664.5,642.0,647.46,540
LICNFNHGP,20230201,189.8,192.1,189.0,191.2,148
LIKHITHA,20230201,230.0,235.0,215.7,221.25,236942
LINC,20230201,449.8,467.95,438.6,450.45,42379
LINCOLN,20230201,329.25,329.25,311.25,317.7,49088
LINDEINDIA,20230201,3349.0,3392.6,3303.3,3372.0,28473
LIQUIDBEES,20230201,1000.01,1000.01,998.0,1000.0,1721339
LIQUIDETF,20230201,1001.01,1001.01,998.35,999.99,86670
LODHA,20230201,1040.0,1054.4,1017.6,1038.15,209343
LOKESHMACH,20230201,114.65,115.75,110.1,110.5,42004
LOTUSEYE,20230201,71.55,72.8,67.0,68.75,5509
LOVABLE,20230201,129.45,130.6,123.9,125.45,9490
LOYALTEX,20230201,700.3,723.95,682.05,706.4,310
LPDC,20230201,7.5,7.7,7.05,7.1,109296
LSIL,20230201,23.6,23.8,22.1,22.55,7426080
LT,20230201,2133.0,2215.95,2080.3,2145.55,6868872
LTGILTBEES,20230201,23.06,23.19,23.03,23.18,97725
LTIM,20230201,4393.0,4429.8,4331.05,4388.1,363833
LTTS,20230201,3357.0,3377.7,3272.5,3333.0,223873
LUMAXIND,20230201,1699.85,1734.5,1651.0,1672.55,5362
LUMAXTECH,20230201,225.5,234.7,224.35,228.85,53560
LUPIN,20230201,740.0,750.5,728.15,737.4,355127
LUXIND,20230201,1471.9,1511.5,1463.45,1478.9,23013
LXCHEM,20230201,269.25,288.7,268.1,271.2,1307740
LYKALABS,20230201,132.65,134.0,127.0,128.2,74323
LYPSAGEMS,20230201,5.8,5.85,5.4,5.8,60113
M&M,20230201,1386.55,1390.0,1322.0,1352.05,3010838
M&MFIN,20230201,235.5,244.35,226.0,233.85,4813852
MAANALU,20230201,233.8,238.0,222.3,225.05,78286
MACPOWER,20230201,324.75,324.75,302.9,306.5,8644
MADHAV,20230201,43.35,43.35,41.75,41.9,1867
MADHUCON,20230201,5.3,5.3,4.95,5.05,27182
MADRASFERT,20230201,64.4,65.95,60.15,60.8,1194890
MAESGETF,20230201,29.22,29.59,28.85,29.2,6642
MAFANG,20230201,42.44,42.85,42.02,42.61,1429942
MAFSETF,20230201,18.68,18.79,17.86,18.22,232730
MAGADSUGAR,20230201,330.0,330.0,315.25,316.0,10942
MAGNUM,20230201,33.15,33.15,31.1,32.05,503236
MAHABANK,20230201,30.9,31.05,27.9,28.7,29131196
MAHAPEXLTD,20230201,112.1,112.1,106.25,106.4,11330
MAHASTEEL,20230201,66.2,67.6,59.0,61.65,60164
MAHEPC,20230201,103.3,104.85,99.0,101.0,47375
MAHESHWARI,20230201,63.85,67.5,63.65,63.95,42484
MAHINDCIE,20230201,396.0,418.2,393.25,400.5,2998287
MAHKTECH,20230201,16.24,16.4,15.91,16.36,341744
MAHLIFE,20230201,349.2,360.6,344.0,349.4,83549
MAHLOG,20230201,485.0,499.0,458.35,466.0,136779
MAHSCOOTER,20230201,4442.65,4546.0,4383.65,4465.2,3272
MAHSEAMLES,20230201,320.6,322.95,306.2,309.7,146425
MAITHANALL,20230201,1047.0,1068.0,1012.0,1021.95,43536
MALLCOM,20230201,699.1,705.55,665.0,673.5,4888
MALUPAPER,20230201,35.15,35.95,32.05,33.05,55806
MAM150ETF,20230201,12.0,12.09,11.38,11.55,143445
MAMFGETF,20230201,84.08,84.73,82.1,82.79,8383
MAN50ETF,20230201,186.2,187.6,181.6,183.95,11884
MANAKALUCO,20230201,22.65,24.6,21.75,22.45,363854
MANAKCOAT,20230201,19.7,21.3,19.7,20.65,320891
MANAKSIA,20230201,121.0,134.4,121.0,131.75,6519434
MANAKSTEEL,20230201,48.5,53.4,47.0,48.55,1832602
MANALIPETC,20230201,78.4,79.0,75.05,76.0,304446
MANAPPURAM,20230201,115.95,118.15,111.25,113.15,7609647
MANGALAM,20230201,113.1,125.5,112.85,114.65,161105
MANGCHEFER,20230201,85.0,85.95,81.7,82.2,734039
MANGLMCEM,20230201,287.75,291.6,273.35,275.05,129245
MANINDS,20230201,79.25,84.0,79.25,83.3,258698
MANINFRA,20230201,74.85,76.75,72.65,73.55,377328
MANOMAY,20230201,135.0,143.85,131.5,131.5,7548
MANORAMA,20230201,1024.0,1049.0,957.3,966.05,4983
MANORG,20230201,466.9,469.35,445.0,449.85,7536
MANUGRAPH,20230201,15.6,17.2,15.1,16.9,79240
MANXT50,20230201,399.35,399.52,383.55,389.09,3709
MANYAVAR,20230201,1191.6,1254.0,1117.05,1219.95,76032
MAPMYINDIA,20230201,1162.5,1183.2,1107.15,1121.0,153131
MARALOVER,20230201,64.5,65.95,61.55,62.75,17593
MARATHON,20230201,246.9,265.95,238.85,243.35,98526
MARICO,20230201,498.1,507.0,496.65,505.35,924112
MARINE,20230201,38.8,39.5,36.9,36.95,272590
MARKSANS,20230201,64.5,65.0,60.7,62.0,1069312
MARSHALL,20230201,26.8,27.35,25.4,25.7,64979
MARUTI,20230201,8937.0,9030.45,8673.9,8768.85,707460
MASFIN,20230201,801.95,828.0,764.0,795.4,28463
MASKINVEST,20230201,66.05,68.8,65.95,65.95,501
MASPTOP50,20230201,26.83,27.05,26.56,26.86,59950
MASTEK,20230201,1639.8,1655.0,1592.55,1639.25,34059
MATRIMONY,20230201,575.95,590.8,573.95,580.55,68154
MAWANASUG,20230201,91.4,91.4,86.0,86.8,147353
MAXHEALTH,20230201,463.6,463.6,430.5,441.2,1613929
MAXIND,20230201,94.45,95.0,89.35,91.15,99504
MAXVIL,20230201,147.0,147.55,140.1,143.0,77136
MAYURUNIQ,20230201,418.5,422.0,410.0,414.7,23404
MAZDA,20230201,644.45,659.2,628.0,631.95,5183
MAZDOCK,20230201,798.0,803.9,730.45,744.85,2505984
MBAPL,20230201,638.45,649.9,622.0,625.8,16088
MBECL,20230201,4.5,4.5,4.5,4.5,68517
MBLINFRA,20230201,20.45,20.8,19.6,19.7,35708
MCDOWELL-N,20230201,776.0,785.85,753.35,770.5,2176984
MCL,20230201,29.9,29.9,28.1,28.4,15103
MCLEODRUSS,20230201,26.5,26.5,24.95,25.2,322632
MCX,20230201,1521.15,1531.45,1478.5,1490.4,230840
MEDANTA,20230201,447.7,452.4,426.25,430.4,169724
MEDICAMEQ,20230201,761.5,786.45,707.25,720.4,10484
MEDICO,20230201,320.9,320.9,308.0,313.0,3625
MEDPLUS,20230201,640.95,647.2,629.9,637.6,85269
MEGASOFT,20230201,30.45,30.75,29.65,30.25,67199
MEGASTAR,20230201,256.0,257.05,236.6,240.45,9926
MELSTAR,20230201,2.5,2.5,2.45,2.5,1001
MENONBE,20230201,100.5,101.85,96.25,97.5,51590
MEP,20230201,16.4,16.4,15.05,15.05,743798
MERCATOR,20230201,1.1,1.1,1.05,1.05,716303
METALFORGE,20230201,4.15,4.15,3.95,3.95,3936
METROBRAND,20230201,764.9,772.7,755.9,767.95,79514
METROPOLIS,20230201,1348.5,1348.5,1293.6,1306.7,107012
MFL,20230201,1045.6,1089.95,1010.55,1028.15,80414
MFSL,20230201,845.15,861.85,710.3,752.95,6477722
MGEL,20230201,34.0,34.0,29.5,30.55,94747
MGL,20230201,883.95,898.05,868.4,880.7,279085
MHLXMIRU,20230201,255.2,262.0,247.1,252.7,381872
MHRIL,20230201,259.1,271.4,256.85,261.45,411137
MICEL,20230201,12.1,12.1,11.0,12.1,166951
MID150BEES,20230201,120.95,120.95,116.36,117.7,197854
MIDHANI,20230201,213.0,214.9,202.1,203.6,338979
MINDACORP,20230201,215.4,217.8,207.8,215.75,627928
MINDTECK,20230201,133.0,134.4,127.1,128.45,9989
MIRCELECTR,20230201,16.4,16.45,15.2,15.45,360069
MIRZAINT,20230201,244.3,261.5,232.0,242.4,900078
MITCON,20230201,78.4,79.1,71.6,72.4,64390
MITTAL,20230201,12.3,12.35,11.7,11.7,10581
MMFL,20230201,888.0,895.0,870.0,872.6,30629
MMP,20230201,127.65,130.6,124.1,125.7,9021
MMTC,20230201,34.7,34.75,33.0,33.4,945866
MODIRUBBER,20230201,68.2,69.8,68.2,68.25,1816
MODISONLTD,20230201,67.65,67.9,66.0,67.05,17863
MOGSEC,20230201,50.53,50.68,50.43,50.64,426
MOHEALTH,20230201,22.46,23.7,22.38,23.29,772
MOHITIND,20230201,15.75,16.25,15.25,15.6,7098
MOIL,20230201,165.0,167.8,162.15,162.95,180121
MOKSH,20230201,11.3,12.0,11.1,11.4,144717
MOL,20230201,100.0,104.1,98.75,99.2,704886
MOLDTECH,20230201,173.15,174.2,158.0,163.75,405086
MOLDTKPAC,20230201,1021.0,1033.0,1005.0,1029.4,43633
MOLOWVOL,20230201,25.38,26.6,21.21,24.8,4731
MOM100,20230201,33.45,33.45,31.8,32.36,129624
MOM50,20230201,178.67,180.49,175.65,176.44,7468
MOMENTUM,20230201,19.06,19.06,17.81,18.39,1719
MOMOMENTUM,20230201,37.59,37.75,36.26,36.44,25422
MON100,20230201,95.99,96.0,94.83,95.67,800636
MONARCH,20230201,290.8,294.5,233.2,235.75,122997
MONQ50,20230201,54.0,54.09,53.64,53.67,25461
MONTECARLO,20230201,646.95,653.75,618.65,623.85,34510
MOQUALITY,20230201,120.24,121.3,119.89,120.51,647
MORARJEE,20230201,22.6,22.6,20.6,20.75,8189
MOREPENLAB,20230201,29.0,29.6,27.8,28.05,2723981
MOTHERSON,20230201,75.9,76.25,72.6,74.1,8969452
MOTILALOFS,20230201,690.0,700.45,665.0,668.9,99867
MOTOGENFIN,20230201,26.1,26.45,25.4,25.85,3969
MOVALUE,20230201,50.0,50.8,47.3,47.3,572
MPHASIS,20230201,2085.0,2100.0,2044.35,2072.15,196539
MPSLTD,20230201,994.95,1029.9,980.0,994.35,61673
MRF,20230201,91000.0,92950.0,90722.55,91961.45,11990
MRO-TEK,20230201,67.45,67.45,59.65,61.25,59962
MRPL,20230201,57.95,57.95,55.1,55.8,1720626
MSPL,20230201,9.45,9.55,9.0,9.1,301327
MSTCLTD,20230201,299.0,319.6,287.3,293.2,1008073
MSUMI,20230201,51.75,54.15,50.9,51.5,9205134
MTARTECH,20230201,1770.0,1797.6,1663.1,1691.2,527704
MTEDUCARE,20230201,6.15,6.15,5.8,5.8,24493
MTNL,20230201,24.15,24.4,22.6,23.05,2453473
MUKANDLTD,20230201,128.9,129.4,121.1,122.65,135421
MUKTAARTS,20230201,54.2,57.0,54.2,55.0,9802
MUNJALAU,20230201,48.45,48.9,46.0,46.65,45674
MUNJALSHOW,20230201,95.0,96.25,92.7,93.1,63100
MURUDCERA,20230201,38.05,38.9,36.15,37.15,50157
MUTHOOTCAP,20230201,267.25,267.25,256.4,260.9,42669
MUTHOOTFIN,20230201,1044.5,1057.95,1001.25,1015.6,616406
NACLIND,20230201,100.0,101.0,94.5,95.35,339282
NAGAFERT,20230201,11.6,11.75,10.75,10.75,695211
NAGREEKCAP,20230201,15.6,16.05,15.45,15.45,3059
NAGREEKEXP,20230201,35.8,38.0,35.25,35.35,8075
NAHARCAP,20230201,295.5,300.5,287.65,291.5,9425
NAHARINDUS,20230201,104.0,104.0,99.05,100.0,11505
NAHARPOLY,20230201,255.1,255.1,235.05,243.35,14655
NAHARSPING,20230201,252.0,255.9,240.65,241.45,27955
NAM-INDIA,20230201,248.0,251.0,238.1,239.8,354484
NARMADA,20230201,22.35,22.85,21.5,21.5,7823
NATCOPHARM,20230201,533.05,539.0,526.9,529.2,93149
NATHBIOGEN,20230201,157.0,161.0,144.0,146.45,50387
NATIONALUM,20230201,84.4,84.65,79.7,81.7,10560529
NAUKRI,20230201,3721.15,3721.15,3553.95,3630.0,270656
NAVA,20230201,234.45,236.45,217.05,225.15,583888
NAVINFLUOR,20230201,3960.4,4045.95,3921.0,3983.25,95408
NAVKARCORP,20230201,61.7,62.65,56.25,57.55,969370
NAVNETEDUL,20230201,111.65,116.4,109.9,110.15,204926
NAZARA,20230201,595.0,598.45,564.0,570.8,222992
NBCC,20230201,37.0,37.8,35.2,35.85,6149236
NBIFIN,20230201,1555.0,1649.0,1555.0,1603.65,104
NCC,20230201,91.25,94.4,87.6,89.55,13670434
NCLIND,20230201,163.0,164.85,157.0,158.05,134554
NDGL,20230201,1385.0,1405.0,1306.7,1313.3,227
NDL,20230201,23.75,23.75,22.35,22.5,105701
NDRAUTO,20230201,606.0,607.0,584.8,587.95,7837
NDTV,20230201,259.0,259.0,235.7,235.7,710510
NECCLTD,20230201,23.8,24.2,23.8,23.9,54900
NECLIFE,20230201,20.4,20.9,19.7,19.95,179597
NELCAST,20230201,115.5,117.3,104.45,108.25,467849
NELCO,20230201,632.8,636.0,608.0,610.3,59804
NEOGEN,20230201,1230.05,1250.35,1201.0,1212.35,52118
NESCO,20230201,580.1,584.1,576.05,578.65,125260
NESTLEIND,20230201,19100.0,19177.05,18915.25,19089.85,68805
NETF,20230201,188.9,189.8,182.0,182.75,2732
NETWORK18,20230201,61.35,62.8,58.2,59.25,583134
NEULANDLAB,20230201,1500.0,1513.75,1426.65,1434.8,17252
NEWGEN,20230201,428.3,434.4,412.5,418.2,116478
NEXTMEDIA,20230201,5.65,5.7,5.5,5.5,1887
NFL,20230201,68.9,70.95,60.95,62.7,10257529
NGIL,20230201,68.25,68.3,63.5,64.65,12598
NGLFINE,20230201,1500.0,1549.9,1475.1,1518.2,1640
NH,20230201,733.1,743.0,710.2,712.15,102922
NHPC,20230201,44.3,44.35,42.0,42.4,11853979
NIACL,20230201,119.65,121.9,104.15,109.6,2767206
NIBL,20230201,20.3,20.3,19.2,19.4,5001
NIF100BEES,20230201,184.95,188.38,180.11,182.54,12924
NIFTYBEES,20230201,196.99,196.99,190.6,193.13,8057541
NIFTYQLITY,20230201,14.6,14.6,14.01,14.12,50433
NIITLTD,20230201,334.0,334.0,314.1,320.05,575450
NILAINFRA,20230201,6.65,6.7,6.4,6.45,60457
NILASPACES,20230201,3.25,3.3,3.15,3.3,198704
NILKAMAL,20230201,1888.7,1894.6,1858.6,1878.15,11693
NIPPOBATRY,20230201,367.5,375.0,355.5,359.25,2653
NIRAJ,20230201,30.7,35.95,28.65,29.6,507645
NITCO,20230201,25.5,25.8,24.15,24.45,46403
NITINSPIN,20230201,207.0,210.8,203.65,206.0,132665
NITIRAJ,20230201,77.3,78.05,73.1,74.0,9041
NKIND,20230201,37.8,41.2,37.75,40.95,13
NLCINDIA,20230201,78.7,80.2,75.8,76.55,2758362
NMDC,20230201,124.9,124.95,118.8,120.95,7048520
NOCIL,20230201,208.9,214.45,202.0,204.75,343954
NOIDATOLL,20230201,7.85,7.85,7.2,7.3,66243
NORBTEAEXP,20230201,14.85,15.45,14.85,15.45,827
NOVARTIND,20230201,636.1,651.0,630.1,641.7,4561
NPBET,20230201,210.59,222.8,206.36,212.4,1315
NRAIL,20230201,268.0,269.4,257.55,259.2,6349
NRBBEARING,20230201,149.25,149.25,141.75,142.6,96895
NRL,20230201,123.95,123.95,105.3,115.1,131955
NSIL,20230201,2127.6,2183.0,2020.4,2080.95,1130
NTPC,20230201,172.25,173.8,167.2,170.0,13878016
NUCLEUS,20230201,406.0,411.4,389.65,394.6,8898
NURECA,20230201,391.8,428.05,379.0,393.6,621279
NUVOCO,20230201,370.0,370.0,351.1,357.45,94449
NV20BEES,20230201,104.93,107.0,104.0,105.18,9634
NXTDIGITAL,20230201,119.45,119.45,117.0,117.05,19776
NYKAA,20230201,137.0,141.75,133.1,137.15,13707141
OAL,20230201,384.55,395.5,384.55,391.65,4728
OBCL,20230201,79.95,79.95,75.05,76.2,9325
OBEROIRLTY,20230201,823.9,851.25,810.15,824.9,1426197
OCCL,20230201,746.0,751.9,711.3,726.15,4817
OFSS,20230201,3049.0,3086.5,3012.25,3025.7,39909
OIL,20230201,234.9,235.3,220.1,224.8,1593746
OILCOUNTUB,20230201,17.05,17.05,15.5,15.65,30391
OLECTRA,20230201,476.0,501.95,458.45,469.3,336843
OMAXAUTO,20230201,55.9,56.35,54.1,54.6,21232
OMAXE,20230201,67.9,67.9,65.0,65.4,59839
OMINFRAL,20230201,42.0,43.95,40.8,41.65,131184
OMKARCHEM,20230201,12.6,12.85,12.4,12.85,9712
ONELIFECAP,20230201,13.9,14.4,13.65,13.8,15493
ONEPOINT,20230201,16.65,16.85,15.75,16.1,778904
ONGC,20230201,145.8,146.0,142.35,144.25,11526089
ONMOBILE,20230201,89.2,91.0,86.0,87.0,279658
ONWARDTEC,20230201,306.35,314.05,277.35,296.45,50447
OPTIEMUS,20230201,285.7,308.0,269.05,272.1,245684
ORBTEXP,20230201,147.6,151.9,146.0,147.9,11628
ORCHPHARMA,20230201,340.1,353.3,340.1,346.35,877
ORICONENT,20230201,26.3,26.35,25.15,25.4,79397
ORIENTABRA,20230201,27.9,27.9,26.8,27.05,46976
ORIENTALTL,20230201,7.75,8.15,7.35,7.6,52735
ORIENTBELL,20230201,520.0,520.0,500.0,500.6,21467
ORIENTCEM,20230201,122.0,128.0,121.85,125.35,1090203
ORIENTELEC,20230201,260.5,272.5,259.5,270.2,347331
ORIENTHOT,20230201,69.95,72.5,67.8,69.35,799223
ORIENTLTD,20230201,61.4,61.4,59.0,60.45,21364
ORIENTPPR,20230201,45.35,45.9,42.6,43.7,4744013
ORISSAMINE,20230201,2900.0,2912.0,2780.95,2818.35,2639
ORTEL,20230201,0.95,0.95,0.9,0.95,14838
ORTINLAB,20230201,24.25,24.45,23.55,23.65,30806
OSIAHYPER,20230201,245.0,245.0,230.1,231.5,3891
OSWALAGRO,20230201,37.4,37.4,33.25,34.45,120245
PAGEIND,20230201,40209.7,40950.0,39900.0,40447.1,13744
PAISALO,20230201,77.0,77.6,69.35,70.0,155390
PALREDTEC,20230201,176.4,179.6,170.25,171.9,12045
PANACEABIO,20230201,133.9,133.9,126.1,127.4,35359
PANACHE,20230201,74.35,74.35,74.35,74.35,27240
PANAMAPET,20230201,324.55,333.05,314.0,317.75,97830
PANSARI,20230201,71.0,73.45,71.0,72.7,205
PAR,20230201,161.2,168.65,155.2,157.15,15517
PARACABLES,20230201,38.0,39.8,36.15,36.25,1118996
PARADEEP,20230201,63.35,65.9,60.0,60.6,15595737
PARAGMILK,20230201,91.9,94.4,85.4,87.2,767068
PARAS,20230201,569.0,569.95,520.0,527.65,319785
PARASPETRO,20230201,1.0,1.0,0.95,1.0,354919
PARSVNATH,20230201,7.4,7.95,7.3,7.75,605528
PASUPTAC,20230201,33.2,33.75,32.2,32.4,35822
PATANJALI,20230201,1020.0,1035.0,991.9,991.9,415189
PATELENG,20230201,17.95,18.15,17.2,17.3,1531297
PATINTLOG,20230201,14.1,14.5,13.5,13.7,172760
PAYTM,20230201,535.0,543.7,515.25,523.85,2359385
PCBL,20230201,121.7,121.85,117.0,119.1,1068435
PCJEWELLER,20230201,47.95,47.95,47.95,47.95,223910
PDMJEPAPER,20230201,45.95,46.15,43.75,44.7,294071
PDSL,20230201,322.2,336.1,308.1,312.05,56085
PEARLPOLY,20230201,25.8,25.8,24.25,24.4,37101
PEL,20230201,866.95,876.85,828.3,844.8,1001849
PENIND,20230201,55.25,56.55,53.0,53.35,445831
PENINLAND,20230201,12.0,12.3,11.9,12.0,96357
PERSISTENT,20230201,4701.0,4744.0,4603.35,4684.35,426462
PETRONET,20230201,218.55,219.75,214.1,216.4,1285362
PFC,20230201,142.0,144.25,134.7,136.35,7854818
PFIZER,20230201,3884.35,3899.0,3800.0,3821.15,11869
PFOCUS,20230201,72.8,72.8,64.75,67.7,36090
PFS,20230201,16.85,17.05,16.25,16.35,640264
PGEL,20230201,1102.65,1132.0,1043.35,1052.55,90765
PGHH,20230201,14089.2,14165.0,13800.0,13819.8,15772
PGHL,20230201,4114.35,4118.0,4063.05,4099.1,4392
PGIL,20230201,379.85,384.3,365.0,369.55,5167
PHARMABEES,20230201,12.55,12.59,12.36,12.46,1665183
PHOENIXLTD,20230201,1382.95,1408.0,1355.2,1368.25,117788
PIDILITIND,20230201,2291.5,2333.0,2270.0,2315.3,344260
PIIND,20230201,3019.0,3084.95,2987.5,3028.9,428612
PILANIINVS,20230201,1772.0,1800.4,1736.0,1768.65,2324
PILITA,20230201,8.1,8.15,7.85,7.95,273027
PIONEEREMB,20230201,41.25,41.55,39.5,40.0,9936
PITTIENG,20230201,316.7,327.75,310.05,313.1,298506
PIXTRANS,20230201,718.6,742.0,713.35,726.25,18295
PKTEA,20230201,245.0,245.0,245.0,245.0,5
PLASTIBLEN,20230201,163.05,166.15,158.5,160.1,13426
PNB,20230201,54.25,54.4,48.3,50.3,159606635
PNBGILTS,20230201,63.4,63.5,61.2,61.8,236710
PNBHOUSING,20230201,562.0,569.0,506.25,539.05,889479
PNC,20230201,39.45,40.2,38.45,40.0,12407
PNCINFRA,20230201,334.85,344.0,321.45,334.4,1411584
PODDARHOUS,20230201,179.45,179.45,170.2,173.6,4419
PODDARMENT,20230201,267.95,270.3,263.0,266.3,2792
POKARNA,20230201,379.8,388.0,376.85,386.35,68793
POLICYBZR,20230201,427.95,432.0,390.7,402.45,2364947
POLYCAB,20230201,2949.0,3045.0,2913.3,2995.4,936089
POLYMED,20230201,886.0,908.5,862.85,870.2,31176
POLYPLEX,20230201,1535.0,1558.4,1500.0,1510.55,65415
PONNIERODE,20230201,462.9,467.95,427.0,430.75,79850
POONAWALLA,20230201,299.4,303.0,282.1,290.05,2752373
POWERGRID,20230201,225.0,225.0,213.6,216.55,15184777
POWERINDIA,20230201,3112.0,3230.1,3058.2,3146.6,12972
POWERMECH,20230201,1903.8,1950.0,1702.7,1774.25,48179
PPAP,20230201,222.0,237.95,222.0,226.0,1016
PPL,20230201,166.6,167.45,162.65,163.95,40209
PPLPHARMA,20230201,105.7,105.8,99.8,100.45,1964984
PRAENG,20230201,14.0,14.5,13.8,13.95,40309
PRAJIND,20230201,344.8,362.0,338.0,345.15,1170013
PRAKASH,20230201,68.8,69.1,65.85,67.2,887309
PRAKASHSTL,20230201,4.75,4.9,4.7,4.7,449074
PRAXIS,20230201,26.25,26.9,25.85,26.2,5515
PRECAM,20230201,103.95,105.4,100.65,101.45,45944
PRECOT,20230201,172.0,176.05,172.0,173.9,1318
PRECWIRE,20230201,72.35,72.9,67.9,69.4,224698
PREMEXPLN,20230201,409.95,409.95,394.0,401.5,16162
PREMIER,20230201,3.3,3.3,3.1,3.1,4093
PREMIERPOL,20230201,98.0,102.35,93.4,96.75,15529
PRESSMN,20230201,64.9,65.2,60.25,61.1,53801
PRESTIGE,20230201,423.0,431.45,403.35,409.85,321983
PRICOLLTD,20230201,197.6,200.9,188.5,193.65,281718
PRIMESECU,20230201,99.7,103.0,97.1,101.3,47971
PRINCEPIPE,20230201,624.9,632.65,601.8,611.05,149349
PRITI,20230201,159.85,159.85,149.0,151.35,6580
PRITIKAUTO,20230201,17.95,19.4,17.35,18.05,1843013
PRIVISCL,20230201,1012.5,1019.95,991.0,999.4,39118
PROZONINTU,20230201,28.7,29.15,24.25,26.2,802911
PRSMJOHNSN,20230201,105.2,106.9,100.05,101.75,254862
PRUDENT,20230201,1000.0,1009.9,940.0,956.05,240981
PSB,20230201,30.2,30.2,28.0,28.2,1650695
PSPPROJECT,20230201,712.0,719.8,675.05,686.4,78160
PSUBNKBEES,20230201,44.3,45.09,41.34,42.05,4692351
PTC,20230201,97.1,98.05,91.25,91.3,1755049
PTL,20230201,32.45,33.25,32.35,32.5,92884
PUNJABCHEM,20230201,961.35,972.0,910.0,922.05,7667
PURVA,20230201,90.2,91.0,84.55,86.95,124623
PVP,20230201,8.75,9.0,8.35,8.4,161284
PVR,20230201,1700.1,1725.0,1641.0,1657.9,416273
QGOLDHALF,20230201,48.78,49.18,48.46,49.15,23889
QNIFTY,20230201,1880.01,1908.36,1840.0,1864.76,854
QUESS,20230201,360.0,384.95,360.0,364.15,462743
QUICKHEAL,20230201,165.6,167.4,161.2,162.65,71121
RADHIKAJWE,20230201,215.8,231.9,212.3,216.95,150258
RADIANTCMS,20230201,97.95,100.0,94.2,95.85,482354
RADICO,20230201,1132.75,1159.6,1072.05,1116.65,413888
RADIOCITY,20230201,14.1,14.2,12.8,13.2,586081
RAILTEL,20230201,121.0,124.65,113.0,115.1,4037788
RAIN,20230201,169.9,175.65,165.5,167.9,2802544
RAINBOW,20230201,769.45,769.45,722.0,737.65,230627
RAJESHEXPO,20230201,877.0,885.85,837.0,848.45,295829
RAJMET,20230201,16.3,16.6,13.9,14.1,996713
RAJRATAN,20230201,795.0,803.7,752.0,771.3,47930
RAJRILTD,20230201,55.25,55.25,55.25,55.25,323
RAJSREESUG,20230201,50.8,51.95,48.25,49.3,92996
RAJTV,20230201,49.95,50.9,47.5,47.95,2812
RALLIS,20230201,212.0,214.7,201.35,204.3,464601
RAMANEWS,20230201,14.5,14.5,13.9,14.05,41690
RAMAPHO,20230201,234.15,236.7,220.1,222.65,24794
RAMASTEEL,20230201,37.95,38.5,36.1,36.6,1213946
RAMCOCEM,20230201,676.0,699.95,666.1,677.15,354607
RAMCOIND,20230201,148.15,148.95,142.2,144.35,85277
RAMCOSYS,20230201,242.0,248.7,232.4,234.5,134378
RAMKY,20230201,285.95,299.75,284.0,288.4,146918
RAMRAT,20230201,162.8,163.9,156.5,158.1,27021
RANASUG,20230201,23.9,24.3,22.8,23.1,775690
RANEENGINE,20230201,211.05,214.95,199.9,200.85,8001
RANEHOLDIN,20230201,868.0,888.15,852.0,865.55,6206
RATEGAIN,20230201,369.0,374.8,344.65,349.65,463384
RATNAMANI,20230201,2259.4,2329.95,2212.1,2256.0,59978
RAYMOND,20230201,1539.95,1555.55,1313.65,1379.8,531816
RBA,20230201,111.4,115.9,108.35,109.9,1014030
RBL,20230201,713.95,727.95,701.05,704.85,3095
RBLBANK,20230201,157.8,158.95,143.0,148.4,12528492
RCF,20230201,122.95,124.55,111.65,113.25,10208155
RCOM,20230201,2.05,2.05,1.95,1.95,2442559
RECLTD,20230201,122.9,123.0,115.95,117.45,14504365
REDINGTON,20230201,186.85,190.4,179.85,182.65,2983267
REFEX,20230201,268.4,270.9,260.0,263.3,203367
REGENCERAM,20230201,22.6,23.65,21.7,21.9,2258
RELAXO,20230201,830.2,830.25,803.0,811.95,83205
RELCHEMQ,20230201,176.9,176.9,171.0,172.15,3528
RELIANCE,20230201,2379.95,2379.95,2305.0,2339.9,8929007
RELIGARE,20230201,158.45,164.6,152.0,154.25,1829342
RELINFRA,20230201,127.0,130.7,120.35,122.25,1374551
REMSONSIND,20230201,248.85,257.7,238.4,241.1,6655
RENUKA,20230201,52.7,53.5,47.75,49.35,12717585
REPCOHOME,20230201,232.8,234.45,221.5,226.45,96887
REPL,20230201,161.0,162.25,152.2,152.7,18783
REPRO,20230201,374.25,403.9,369.65,375.9,41235
RESPONIND,20230201,123.1,126.8,117.65,119.4,30779
REVATHI,20230201,1076.5,1095.95,1042.0,1055.7,1518
RGL,20230201,101.0,101.85,95.05,95.9,103464
RHFL,20230201,3.15,3.2,2.9,2.95,1285583
RHIM,20230201,783.1,796.8,770.75,787.1,238975
RICOAUTO,20230201,89.5,90.95,82.5,84.3,1504475
RIIL,20230201,878.95,888.0,832.0,842.85,200178
RITCO,20230201,160.9,160.9,146.05,148.7,17419
RITES,20230201,361.0,364.6,334.45,340.5,711246
RKDL,20230201,17.4,17.5,16.1,16.2,27853
RKEC,20230201,67.5,67.5,63.95,65.25,41253
RKFORGE,20230201,277.2,281.0,259.7,266.85,515011
RMCL,20230201,1.7,1.7,1.6,1.7,25936
RML,20230201,411.4,415.15,395.5,400.45,16493
RNAVAL,20230201,2.85,2.85,2.85,2.85,158153
ROHLTD,20230201,270.0,277.4,254.5,261.1,70093
ROLEXRINGS,20230201,1748.8,1795.0,1732.95,1773.7,50069
ROLLT,20230201,1.3,1.3,1.25,1.3,466273
ROLTA,20230201,3.3,3.3,3.15,3.15,89369
ROML,20230201,56.2,56.2,55.05,55.45,17
ROSSARI,20230201,697.25,716.0,685.0,690.9,26648
ROSSELLIND,20230201,309.0,309.0,278.95,286.55,32923
ROTO,20230201,589.9,591.0,546.0,567.4,94770
ROUTE,20230201,1233.5,1269.9,1190.0,1211.2,360553
RPGLIFE,20230201,796.7,823.7,775.4,790.1,26781
RPOWER,20230201,12.65,13.1,12.15,12.25,20669121
RPPINFRA,20230201,44.8,45.3,41.85,42.55,105414
RPPL,20230201,177.4,177.4,169.0,174.9,11281
RPSGVENT,20230201,432.1,436.9,413.05,417.9,20457
RSSOFTWARE,20230201,26.8,27.75,23.4,25.9,370808
RSWM,20230201,170.0,174.2,166.05,168.4,82047
RSYSTEMS,20230201,242.2,244.85,240.8,241.8,45849
RTNINDIA,20230201,44.25,45.75,42.2,42.95,1529890
RTNPOWER,20230201,3.9,3.95,3.7,3.75,9327844
RUBYMILLS,20230201,199.75,207.15,187.45,188.45,29365
RUCHINFRA,20230201,10.85,10.9,10.05,10.25,104816
RUCHIRA,20230201,120.5,125.4,119.4,122.85,203515
RUPA,20230201,271.8,275.65,261.0,265.2,75290
RUSHIL,20230201,371.0,378.0,356.0,361.35,57602
RUSTOMJEE,20230201,495.25,517.5,484.95,497.65,66511
RVHL,20230201,22.3,22.45,21.25,21.7,4759
RVNL,20230201,77.9,79.45,72.3,72.65,23016937
S&SPOWER,20230201,24.75,24.75,24.65,24.65,975
SABEVENTS,20230201,4.3,4.3,4.3,4.3,2453
SABTN,20230201,2.2,2.3,2.2,2.2,14493
SADBHAV,20230201,12.85,13.45,12.2,12.3,423585
SADBHIN,20230201,5.4,5.65,5.4,5.55,350097
SAFARI,20230201,1782.1,1804.0,1730.3,1759.55,9619
SAGARDEEP,20230201,27.0,28.45,27.0,27.5,9089
SAGCEM,20230201,222.0,228.6,204.25,209.9,64226
SAH,20230201,84.75,87.4,83.0,84.85,334016
SAIL,20230201,91.3,92.4,86.8,89.0,25911790
SAKAR,20230201,232.4,236.95,216.0,221.5,20059
SAKHTISUG,20230201,22.55,22.9,21.2,21.25,343168
SAKSOFT,20230201,141.85,142.65,135.65,139.05,585753
SAKUMA,20230201,15.25,15.65,14.25,14.65,689024
SALASAR,20230201,48.65,48.95,45.45,45.9,331306
SALONA,20230201,251.0,255.95,248.0,250.75,759
SALSTEEL,20230201,18.9,18.9,17.55,17.55,433128
SALZERELEC,20230201,299.95,304.9,285.0,290.1,284615
SAMBHAAV,20230201,3.65,3.65,3.5,3.55,15041
SANCO,20230201,8.25,9.05,8.25,8.8,106586
SANDESH,20230201,969.65,989.75,915.25,934.4,8364
SANDHAR,20230201,232.05,233.65,225.9,228.9,35343
SANGAMIND,20230201,218.9,218.9,200.0,204.7,23364
SANGHIIND,20230201,64.7,65.3,61.15,61.15,290118
SANGHVIMOV,20230201,334.2,343.35,324.1,331.5,112954
SANGINITA,20230201,22.35,22.35,21.1,21.45,11880
SANOFI,20230201,5499.0,5527.15,5425.05,5448.05,11514
SANSERA,20230201,752.95,759.65,711.2,726.45,43986
SANWARIA,20230201,0.7,0.7,0.65,0.65,594976
SAPPHIRE,20230201,1319.6,1319.6,1213.2,1240.85,205052
SARDAEN,20230201,1100.7,1113.6,1049.85,1086.8,30370
SAREGAMA,20230201,341.8,349.7,337.0,340.55,174896
SARLAPOLY,20230201,41.8,42.35,40.55,40.8,138963
SARVESHWAR,20230201,84.1,84.95,80.15,80.8,14313
SASKEN,20230201,916.05,925.0,885.0,895.4,7668
SASTASUNDR,20230201,279.9,279.9,249.35,262.7,46343
SATHAISPAT,20230201,2.6,2.6,2.6,2.6,2850
SATIA,20230201,125.75,127.0,121.35,123.2,142007
SATIN,20230201,152.0,152.0,145.05,147.0,139885
SATINDLTD,20230201,78.9,81.7,75.65,77.1,184539
SBC,20230201,15.0,15.3,14.4,14.65,185777
SBCL,20230201,386.7,394.6,372.15,375.5,51708
SBICARD,20230201,729.0,745.4,724.45,739.7,1966291
SBIETFCON,20230201,75.8,75.8,73.15,74.06,9770
SBIETFIT,20230201,314.99,314.99,309.1,311.21,7348
SBIETFPB,20230201,211.99,214.5,203.36,209.85,9148
SBIETFQLTY,20230201,151.19,151.19,147.5,148.54,3531
SBILIFE,20230201,1219.55,1228.75,1068.85,1109.4,8470232
SBIN,20230201,561.4,565.0,499.35,527.35,38218810
SCAPDVR,20230201,13.6,13.95,13.2,13.2,531127
SCHAEFFLER,20230201,2675.1,2700.0,2641.0,2672.15,106870
SCHAND,20230201,172.55,177.8,162.5,165.1,75723
SCHNEIDER,20230201,184.6,187.7,171.95,179.4,373668
SCI,20230201,134.85,135.4,122.65,125.45,1879761
SCPL,20230201,550.0,564.7,516.9,525.35,22098
SDBL,20230201,125.7,125.75,118.2,118.35,298636
SDL24BEES,20230201,110.8,110.8,110.65,110.79,467
SDL26BEES,20230201,110.18,110.6,110.18,110.59,658
SEAMECLTD,20230201,807.75,807.75,717.8,730.95,10329
SECURCRED,20230201,26.25,27.55,23.75,24.3,1259853
SECURKLOUD,20230201,54.0,54.0,48.25,49.75,91181
SEJALLTD,20230201,260.05,275.0,260.05,266.1,3938
SELAN,20230201,295.0,295.0,274.6,278.4,77160
SELMC,20230201,465.0,466.0,451.35,451.35,4585
SEPC,20230201,13.75,14.15,12.85,12.85,7354501
SEPOWER,20230201,16.35,16.35,15.8,15.9,24899
SEQUENT,20230201,79.55,80.3,75.8,77.0,586355
SERVOTECH,20230201,256.45,256.45,232.05,232.05,400035
SESHAPAPER,20230201,287.5,287.95,278.0,280.4,54364
SETCO,20230201,11.0,11.0,10.4,10.55,70630
SETF10GILT,20230201,207.05,207.89,207.05,207.5,3008
SETFGOLD,20230201,50.81,50.81,49.97,50.61,923922
SETFNIF50,20230201,185.45,186.0,180.5,182.69,883584
SETFNIFBK,20230201,412.0,421.34,397.15,406.62,95080
SETFNN50,20230201,415.97,415.97,399.96,409.18,84541
SETUINFRA,20230201,1.4,1.45,1.35,1.4,42432
SFL,20230201,1224.2,1233.0,1212.1,1223.05,6907
SGIL,20230201,146.15,146.15,139.0,141.1,9213
SGL,20230201,17.55,17.75,16.5,16.9,16330
SHAHALLOYS,20230201,70.5,71.2,65.15,65.95,19496
SHAILY,20230201,1551.35,1584.0,1505.3,1530.15,1725
SHAKTIPUMP,20230201,447.0,449.95,415.35,426.8,94577
SHALBY,20230201,149.0,151.9,140.55,141.95,221688
SHALPAINTS,20230201,140.1,143.9,138.05,140.7,33509
SHANKARA,20230201,627.2,636.55,624.15,632.9,33864
SHANTI,20230201,20.2,20.95,20.15,20.45,1758
SHANTIGEAR,20230201,349.05,354.9,325.0,330.65,67781
SHARDACROP,20230201,500.95,507.4,465.35,476.25,224953
SHARDAMOTR,20230201,719.0,742.85,702.05,709.3,23914
SHAREINDIA,20230201,1212.0,1248.0,1180.0,1184.75,54844
SHARIABEES,20230201,417.97,417.97,411.01,413.5,935
SHEMAROO,20230201,125.7,130.7,119.5,121.8,73232
SHILPAMED,20230201,247.7,258.1,245.85,250.6,244291
SHIVALIK,20230201,690.95,716.05,660.25,670.0,12076
SHIVAMAUTO,20230201,26.85,27.75,25.85,26.1,61728
SHIVAMILLS,20230201,97.0,97.0,92.55,92.9,6112
SHIVATEX,20230201,126.1,130.85,121.05,122.6,12959
SHK,20230201,140.0,140.85,137.1,137.6,183226
SHOPERSTOP,20230201,661.55,667.5,645.8,658.65,79891
SHRADHA,20230201,53.35,55.0,50.7,50.7,65857
SHREDIGCEM,20230201,72.0,72.5,68.5,69.8,227464
SHREECEM,20230201,23740.2,24670.0,23450.0,23916.95,111351
SHREEPUSHK,20230201,163.9,169.55,158.0,160.6,42112
SHREERAMA,20230201,11.3,11.5,11.05,11.25,29915
SHRENIK,20230201,1.5,1.55,1.45,1.5,1108848
SHREYANIND,20230201,161.25,162.95,155.8,158.4,20195
SHREYAS,20230201,279.8,287.0,270.3,273.1,37309
SHRIPISTON,20230201,1245.0,1255.0,1166.0,1175.35,1215
SHRIRAMFIN,20230201,1328.0,1366.9,1278.2,1297.35,1587326
SHRIRAMPPS,20230201,72.95,73.85,70.0,70.55,306892
SHYAMCENT,20230201,20.95,20.95,19.0,19.45,272689
SHYAMMETL,20230201,304.6,310.0,295.5,301.6,148910
SHYAMTEL,20230201,9.5,9.85,9.05,9.05,7633
SIEMENS,20230201,2950.0,3071.05,2891.4,2945.1,1020878
SIGACHI,20230201,310.0,318.4,299.6,304.0,238020
SIGIND,20230201,37.5,38.7,37.5,37.7,7991
SIKKO,20230201,101.75,101.75,98.9,99.15,9195
SIL,20230201,31.7,32.45,30.15,30.35,54337
SILGO,20230201,25.0,25.15,23.5,23.75,15316
SILINV,20230201,331.0,331.0,313.6,322.65,785
SILLYMONKS,20230201,26.95,27.0,25.2,25.25,7975
SILVER,20230201,69.61,71.45,69.61,71.0,101397
SILVERBEES,20230201,67.75,69.1,67.5,68.71,2529810
SILVERTUC,20230201,336.9,343.0,332.05,338.3,12491
SIMBHALS,20230201,24.4,24.65,22.3,23.0,62893
SIMPLEXINF,20230201,54.2,55.3,53.1,53.3,36518
SINTERCOM,20230201,105.85,108.0,102.0,102.0,908
SINTEX,20230201,2.65,2.65,2.65,2.65,647063
SIRCA,20230201,638.7,638.7,621.05,625.35,27010
SIS,20230201,373.85,381.1,366.1,368.45,47267
SITINET,20230201,1.55,1.6,1.5,1.5,1693089
SIYSIL,20230201,513.2,521.05,485.0,511.5,97399
SJS,20230201,459.5,459.55,446.1,450.95,22701
SJVN,20230201,34.2,34.45,32.7,33.1,4105537
SKFINDIA,20230201,4400.0,4528.65,4366.4,4423.95,23851
SKIPPER,20230201,110.7,115.8,105.65,107.45,413084
SKMEGGPROD,20230201,152.0,155.7,147.8,154.65,412313
SKYGOLD,20230201,268.35,278.0,264.05,272.85,24289
SMARTLINK,20230201,135.5,139.25,127.2,130.45,37942
SMCGLOBAL,20230201,77.0,77.45,75.0,75.85,37032
SMLISUZU,20230201,764.95,783.55,739.65,746.65,15458
SMLT,20230201,167.0,176.7,151.6,157.95,165393
SMSLIFE,20230201,621.0,628.8,586.75,600.05,1591
SMSPHARMA,20230201,75.2,77.15,74.7,75.05,15242
SNOWMAN,20230201,36.65,37.1,34.7,35.2,572531
SOBHA,20230201,601.25,613.65,571.55,584.7,127202
SOFTTECH,20230201,174.75,176.75,164.0,172.0,1899
SOLARA,20230201,411.6,420.0,399.0,403.95,144488
SOLARINDS,20230201,4035.0,4096.9,3930.0,3944.4,62499
SOMANYCERA,20230201,544.15,546.95,528.05,535.75,34064
SOMATEX,20230201,9.25,9.5,9.05,9.25,62274
SOMICONVEY,20230201,41.25,41.25,38.75,38.9,1656
SONACOMS,20230201,453.1,469.6,441.0,456.55,2373206
SONAMCLOCK,20230201,45.0,48.25,45.0,46.4,6951
SONATSOFTW,20230201,609.95,644.4,609.95,620.1,378597
SOTL,20230201,277.4,279.9,260.0,263.0,59255
SOUTHBANK,20230201,18.05,18.7,17.2,17.75,35921651
SOUTHWEST,20230201,116.75,116.75,115.0,115.35,32910
SPAL,20230201,309.2,319.15,298.65,302.5,9740
SPANDANA,20230201,595.0,597.15,550.0,559.55,91516
SPARC,20230201,200.8,203.25,189.55,193.0,282763
SPCENET,20230201,26.9,27.05,24.75,25.3,235790
SPECIALITY,20230201,249.0,255.9,238.65,244.85,159763
SPENCERS,20230201,68.7,69.85,66.1,66.85,92869
SPENTEX,20230201,1.6,1.6,1.55,1.55,13285
SPIC,20230201,75.5,76.75,68.7,69.95,1688398
SPICEJET,20230201,35.8,36.6,34.6,35.2,2396026
SPLIL,20230201,74.55,74.55,68.5,69.3,51046
SPLPETRO,20230201,393.95,397.0,378.3,386.3,86876
SPMLINFRA,20230201,27.75,28.7,27.7,28.65,81996
SPORTKING,20230201,711.0,721.0,684.95,689.45,23704
SPTL,20230201,2.95,2.95,2.85,2.85,1108856
SREEL,20230201,196.0,199.9,190.55,193.95,11963
SREINFRA,20230201,2.95,2.95,2.75,2.75,295162
SRF,20230201,2200.0,2248.0,2182.8,2224.65,1054831
SRHHYPOLTD,20230201,487.9,490.5,470.0,479.35,11550
SRPL,20230201,57.0,58.6,53.1,57.9,35260
SSWL,20230201,144.0,150.0,139.55,140.9,387785
STAR,20230201,297.95,303.85,281.0,284.55,636413
STARCEMENT,20230201,108.85,112.75,105.8,107.5,185172
STARHEALTH,20230201,525.0,529.0,496.85,501.7,1639286
STARPAPER,20230201,179.8,182.0,170.55,173.05,36426
STARTECK,20230201,133.95,140.05,131.3,132.15,13385
STCINDIA,20230201,82.6,84.5,77.05,79.65,52052
STEELCAS,20230201,479.7,505.9,460.15,489.2,19321
STEELCITY,20230201,62.05,63.0,60.2,61.0,17498
STEELXIND,20230201,13.2,13.7,12.45,13.3,4837736
STEL,20230201,141.0,144.9,135.05,136.7,33197
STERTOOLS,20230201,338.0,354.0,330.25,336.4,220002
STLTECH,20230201,183.05,185.8,172.25,175.6,825301
STOVEKRAFT,20230201,510.0,534.9,499.25,510.9,275387
STYLAMIND,20230201,1124.4,1139.0,1074.7,1089.35,53255
STYRENIX,20230201,786.0,796.05,766.25,773.1,10919
SUBEXLTD,20230201,34.85,35.05,33.75,34.05,5004953
SUBROS,20230201,302.0,304.3,291.1,296.45,10332
SUDARSCHEM,20230201,386.0,390.0,378.9,382.35,77941
SUKHJITS,20230201,452.85,452.85,413.25,420.0,1871
SULA,20230201,382.0,383.85,360.15,363.8,432835
SUMEETINDS,20230201,3.75,3.8,3.6,3.7,68403
SUMICHEM,20230201,459.6,477.0,455.1,459.45,396828
SUMIT,20230201,35.95,36.05,34.4,35.35,203133
SUMMITSEC,20230201,623.8,627.95,581.95,591.45,7481
SUNCLAYLTD,20230201,4760.0,4760.0,4641.15,4655.1,5157
SUNDARAM,20230201,2.8,2.8,2.65,2.7,901949
SUNDARMFIN,20230201,2261.05,2294.0,2261.05,2281.95,33145
SUNDARMHLD,20230201,88.5,88.5,85.25,85.65,55582
SUNDRMBRAK,20230201,320.9,323.45,319.4,321.55,380
SUNDRMFAST,20230201,990.0,1014.0,966.45,980.55,100227
SUNFLAG,20230201,137.35,143.5,130.05,134.25,1686843
SUNPHARMA,20230201,1036.45,1043.95,1005.1,1014.9,4717887
SUNTECK,20230201,359.9,369.75,340.3,343.8,452877
SUNTV,20230201,465.0,471.0,448.1,454.95,515214
SUPERHOUSE,20230201,208.8,208.8,197.05,199.7,5876
SUPERSPIN,20230201,8.5,8.5,7.7,8.05,55326
SUPRAJIT,20230201,324.5,329.2,322.25,323.55,221128
SUPREMEENG,20230201,1.2,1.2,1.15,1.15,452676
SUPREMEIND,20230201,2513.7,2568.9,2511.0,2531.9,78256
SUPREMEINF,20230201,21.75,23.5,21.6,22.15,25395
SUPRIYA,20230201,218.6,219.2,203.25,205.55,217577
SURANASOL,20230201,22.35,23.95,21.0,21.35,291528
SURANAT&P,20230201,11.85,11.85,10.95,11.2,51907
SURYALAXMI,20230201,60.3,61.8,57.35,58.05,58030
SURYAROSNI,20230201,646.95,670.0,625.4,643.25,532255
SURYODAY,20230201,107.8,112.0,103.2,106.7,354622
SUTLEJTEX,20230201,59.0,60.75,58.0,58.6,46368
SUULD,20230201,35.25,35.8,33.65,34.0,140816
SUVEN,20230201,62.25,63.15,60.8,61.35,188654
SUVENPHAR,20230201,492.0,494.8,490.0,492.1,45378
SUVIDHAA,20230201,5.15,5.15,4.8,4.85,157794
SUZLON,20230201,10.1,10.2,8.9,9.2,144996475
SVPGLOB,20230201,34.5,35.2,32.75,33.05,275698
SWANENERGY,20230201,328.8,337.9,288.3,311.35,634032
SWARAJENG,20230201,1670.0,1671.0,1602.0,1637.25,8803
SWELECTES,20230201,348.0,353.4,335.55,343.05,19143
SWSOLAR,20230201,299.0,299.0,278.7,283.45,877155
SYMPHONY,20230201,965.35,969.9,948.0,958.2,28551
SYNCOMF,20230201,8.0,8.05,7.75,7.75,1482244
SYNGENE,20230201,572.9,583.4,563.25,566.45,2446363
SYRMA,20230201,256.05,271.7,253.65,258.0,630417
TAINWALCHM,20230201,115.7,116.7,107.05,109.95,11735
TAJGVK,20230201,192.9,201.0,190.8,195.6,260557
TAKE,20230201,22.1,22.65,21.6,21.75,194557
TALBROAUTO,20230201,492.95,497.9,475.35,484.45,29169
TANLA,20230201,654.7,664.6,631.0,637.4,164655
TANTIACONS,20230201,12.85,13.0,12.35,13.0,3551
TARAPUR,20230201,4.0,4.0,4.0,4.0,1160
TARC,20230201,41.15,42.4,39.75,40.5,746988
TARMAT,20230201,51.95,54.45,51.0,52.15,13061
TARSONS,20230201,698.0,705.95,680.05,686.25,25830
TASTYBITE,20230201,10164.6,10280.0,10081.25,10128.4,494
TATACHEM,20230201,980.0,985.1,942.45,956.15,1175811
TATACOFFEE,20230201,215.0,216.1,211.0,213.75,567544
TATACOMM,20230201,1248.0,1252.55,1178.1,1202.45,700831
TATACONSUM,20230201,737.25,748.4,731.25,740.8,933031
TATAELXSI,20230201,6666.0,6745.95,6381.95,6597.15,221307
TATAINVEST,20230201,2159.0,2187.95,2065.0,2092.45,31543
TATAMETALI,20230201,836.75,862.05,822.15,844.4,134865
TATAMOTORS,20230201,456.8,461.5,437.65,446.65,23798589
TATAMTRDVR,20230201,232.5,233.6,221.25,225.0,4157417
TATAPOWER,20230201,214.9,215.4,196.65,205.85,19017445
TATASTEEL,20230201,120.1,124.15,119.3,122.05,72919626
TATASTLLP,20230201,711.65,731.5,698.7,714.4,82308
TATVA,20230201,2081.9,2104.4,2061.5,2071.8,2890
TBZ,20230201,74.8,74.85,71.95,73.05,62863
TCI,20230201,632.35,644.0,612.0,618.25,60316
TCIEXP,20230201,1719.4,1720.05,1570.5,1596.25,52248
TCNSBRANDS,20230201,483.0,493.0,472.85,476.75,19140
TCPLPACK,20230201,1328.0,1350.0,1278.0,1307.2,15238
TCS,20230201,3363.0,3419.0,3355.0,3408.35,2205161
TDPOWERSYS,20230201,130.85,136.0,123.7,126.85,459590
TEAMLEASE,20230201,2290.05,2439.9,2216.0,2250.0,34131
TECH,20230201,30.35,30.6,30.21,30.35,8465
TECHIN,20230201,9.45,9.5,9.05,9.1,27081
TECHM,20230201,1018.05,1034.5,1003.3,1023.75,1939670
TECHNOE,20230201,349.0,364.85,333.35,346.5,178190
TEGA,20230201,617.9,625.0,602.7,616.45,118926
TEJASNET,20230201,573.0,585.9,533.7,545.5,408786
TEMBO,20230201,161.55,165.0,157.3,162.5,89487
TERASOFT,20230201,40.9,41.9,40.75,40.8,11921
TEXINFRA,20230201,58.5,59.8,56.1,57.0,53696
TEXMOPIPES,20230201,58.5,58.5,52.0,53.85,91056
TEXRAIL,20230201,56.95,57.3,48.75,51.1,6535539
TFCILTD,20230201,79.7,82.7,75.45,76.6,1635346
TFL,20230201,9.7,9.95,9.3,9.7,13601
TGBHOTELS,20230201,10.6,10.75,9.9,9.95,68188
THANGAMAYL,20230201,1088.9,1088.9,1030.0,1051.6,5920
THEINVEST,20230201,91.9,91.9,89.1,89.4,2130
THEMISMED,20230201,1264.95,1292.95,1180.0,1206.65,5222
THERMAX,20230201,1934.75,1964.7,1931.55,1955.6,29227
THOMASCOOK,20230201,72.15,75.0,69.6,71.1,819955
THOMASCOTT,20230201,45.4,46.0,43.55,46.0,1617
THYROCARE,20230201,557.85,565.15,525.05,531.75,58668
TI,20230201,117.05,117.95,110.15,111.6,236736
TIDEWATER,20230201,991.5,994.4,965.0,970.3,10664
TIIL,20230201,945.0,952.2,902.1,906.6,6744
TIINDIA,20230201,2610.15,2631.7,2541.9,2616.9,149585
TIJARIA,20230201,7.8,7.85,7.45,7.55,21036
TIL,20230201,167.7,167.7,167.7,167.7,4367
TIMESGTY,20230201,49.05,50.35,48.65,49.0,3735
TIMETECHNO,20230201,85.7,86.5,82.45,83.4,518624
TIMKEN,20230201,3140.25,3279.55,3035.3,3201.25,128596
TINPLATE,20230201,346.1,359.85,343.4,351.65,249463
TIPSFILMS,20230201,474.0,474.0,435.0,436.5,3512
TIPSINDLTD,20230201,1637.0,1637.0,1542.0,1555.1,5717
TIRUMALCHM,20230201,180.95,184.65,174.0,176.3,171882
TIRUPATIFL,20230201,18.0,19.7,16.1,16.55,3576152
TITAN,20230201,2408.55,2409.8,2300.05,2345.9,1521514
TMB,20230201,475.5,477.8,468.3,470.4,27042
TNIDETF,20230201,54.7,55.41,53.8,54.65,15500
TNPETRO,20230201,89.5,90.95,86.55,87.55,131428
TNPL,20230201,240.9,242.4,228.45,231.35,358389
TNTELE,20230201,7.8,7.8,7.45,7.65,31252
TOKYOPLAST,20230201,96.45,96.45,91.0,92.2,6361
TORNTPHARM,20230201,1529.8,1548.8,1513.7,1535.8,436114
TORNTPOWER,20230201,450.05,459.7,434.15,439.4,469072
TOTAL,20230201,151.25,155.95,142.7,142.7,16545
TOUCHWOOD,20230201,165.9,166.0,160.85,160.85,10203
TPLPLASTEH,20230201,35.2,36.0,31.2,32.3,112030
TRACXN,20230201,95.0,96.75,90.15,91.45,2519977
TREEHOUSE,20230201,15.6,16.3,15.15,15.5,44185
TREJHARA,20230201,68.8,68.9,65.2,66.05,20361
TRENT,20230201,1204.0,1265.0,1192.15,1216.0,1724393
TRF,20230201,182.35,186.35,177.35,181.15,98310
TRIDENT,20230201,35.0,35.0,32.5,32.95,7928425
TRIGYN,20230201,91.5,92.7,89.55,89.9,32532
TRIL,20230201,75.4,76.15,68.0,70.15,1374806
TRITURBINE,20230201,273.1,284.9,261.0,267.65,975101
TRIVENI,20230201,286.2,288.8,268.1,270.2,655163
TRU,20230201,69.9,71.85,65.55,66.65,2708912
TTKHLTCARE,20230201,994.7,994.85,961.25,964.35,3014
TTKPRESTIG,20230201,771.0,787.45,752.0,755.65,1086367
TTL,20230201,82.0,82.0,77.3,78.95,8156
TTML,20230201,80.85,83.2,77.1,80.2,3490144
TV18BRDCST,20230201,34.05,34.45,31.75,32.15,6154030
TVSELECT,20230201,382.0,390.0,344.0,357.85,157513
TVSMOTOR,20230201,1042.0,1057.95,1000.0,1018.35,1354579
TVSSRICHAK,20230201,3394.4,3394.4,3260.0,3311.25,8393
TVTODAY,20230201,249.7,250.1,242.0,243.45,26655
TVVISION,20230201,2.3,2.3,2.2,2.25,3939
TWL,20230201,229.0,236.0,217.05,217.05,1707875
UBL,20230201,1604.8,1604.8,1560.0,1575.8,116942
UCALFUEL,20230201,124.9,125.55,120.15,120.85,7045
UCOBANK,20230201,30.2,30.5,26.9,28.65,23084638
UDAICEMENT,20230201,29.95,31.4,29.8,29.9,543587
UFLEX,20230201,546.45,554.0,536.0,538.55,50955
UFO,20230201,88.15,88.4,84.3,84.75,64463
UGARSUGAR,20230201,98.0,98.6,87.7,90.4,1248249
UGROCAP,20230201,152.9,155.9,150.3,152.3,95459
UJAAS,20230201,2.7,2.8,2.7,2.7,371645
UJJIVAN,20230201,269.65,281.0,260.9,262.7,640765
UJJIVANSFB,20230201,29.2,29.65,28.2,28.65,8674183
ULTRACEMCO,20230201,7085.0,7239.0,6981.6,7141.4,648015
UMAEXPORTS,20230201,49.0,49.0,45.4,46.25,78807
UMANGDAIRY,20230201,63.3,63.95,60.0,60.55,20275
UMESLTD,20230201,4.85,4.9,4.55,4.55,25347
UNICHEMLAB,20230201,346.05,352.0,326.0,338.65,209345
UNIDT,20230201,239.25,239.25,224.65,225.55,8279
UNIENTER,20230201,136.5,136.55,134.05,134.05,4464
UNIINFO,20230201,22.95,22.95,21.5,21.6,23126
UNIONBANK,20230201,79.2,79.7,70.9,73.95,18757195
UNIPARTS,20230201,559.0,563.0,547.3,559.95,121816
UNITECH,20230201,1.65,1.7,1.6,1.7,1813302
UNITEDPOLY,20230201,103.55,108.3,101.3,104.7,8616
UNITEDTEA,20230201,269.95,289.95,269.4,283.55,3972
UNIVASTU,20230201,94.2,94.2,84.35,86.6,26476
UNIVCABLES,20230201,326.55,348.5,323.0,329.1,171064
UNIVPHOTO,20230201,460.45,479.8,454.0,459.9,609
UNOMINDA,20230201,490.95,503.95,489.25,498.7,426200
UPL,20230201,765.1,771.6,730.0,742.15,3623038
URJA,20230201,9.6,9.9,9.1,9.3,1651511
USHAMART,20230201,187.95,191.7,178.8,183.15,1476550
UTIAMC,20230201,754.0,759.8,731.5,745.05,100628
UTIBANKETF,20230201,42.15,42.46,39.99,40.7,54692
UTINEXT50,20230201,42.2,42.37,40.6,40.96,45949
UTINIFTETF,20230201,1890.01,2000.0,1855.0,1902.55,10099
UTISENSETF,20230201,652.85,652.85,633.01,641.19,1061
UTISXN50,20230201,49.5,50.04,43.11,47.5,2180
UTTAMSUGAR,20230201,269.5,273.0,254.75,260.4,203343
V2RETAIL,20230201,91.8,91.8,85.15,85.6,14259
VADILALIND,20230201,2970.95,2970.95,2725.0,2780.7,14487
VAIBHAVGBL,20230201,308.0,308.75,288.4,293.3,178719
VAISHALI,20230201,147.0,148.95,137.0,139.65,313488
VAKRANGEE,20230201,27.4,27.95,26.15,26.5,3493273
VALIANTORG,20230201,480.0,485.6,450.6,455.7,113165
VARDHACRLC,20230201,52.75,52.75,50.25,50.9,32010
VARDMNPOLY,20230201,19.35,19.4,18.1,18.4,11142
VARROC,20230201,279.8,286.9,272.6,274.65,61655
VASCONEQ,20230201,31.4,32.7,28.85,30.4,1676498
VASWANI,20230201,24.45,26.0,23.35,23.8,416125
VBL,20230201,1159.45,1184.0,1131.5,1172.85,2007980
VCL,20230201,5.4,5.4,4.9,5.0,644159
VEDL,20230201,337.0,338.25,321.35,328.0,11727712
VENKEYS,20230201,1843.95,1885.0,1777.5,1802.35,33229
VENUSPIPES,20230201,738.0,738.0,729.0,730.1,120632
VENUSREM,20230201,164.55,165.7,156.4,158.65,19325
VERANDA,20230201,233.8,237.8,221.2,224.2,71247
VERTOZ,20230201,234.85,236.9,218.55,218.6,32724
VESUVIUS,20230201,1648.0,1649.95,1600.0,1614.7,11763
VETO,20230201,105.65,106.6,104.0,104.2,42874
VGUARD,20230201,246.95,249.9,244.0,246.35,61512
VHL,20230201,2713.0,2767.95,2612.25,2657.6,682
VICEROY,20230201,2.4,2.6,2.4,2.4,112803
VIDHIING,20230201,343.4,347.9,334.0,337.35,15105
VIJAYA,20230201,414.35,425.1,410.8,420.4,91697
VIJIFIN,20230201,3.0,3.0,2.8,2.95,197859
VIKASECO,20230201,3.35,3.4,3.25,3.3,5083000
VIKASLIFE,20230201,4.45,4.5,4.3,4.3,8430872
VIKASPROP,20230201,0.65,0.65,0.6,0.65,630656
VIKASWSP,20230201,1.6,1.65,1.6,1.65,128087
VIMTALABS,20230201,357.25,366.55,342.05,347.05,35454
VINATIORGA,20230201,1857.1,1890.0,1848.35,1883.65,43659
VINDHYATEL,20230201,1638.95,1658.95,1580.15,1608.5,12065
VINEETLAB,20230201,57.15,58.85,55.5,56.0,14459
VINNY,20230201,252.0,254.85,234.0,254.85,42385
VINYLINDIA,20230201,396.0,402.7,375.5,376.5,38811
VIPCLOTHNG,20230201,43.3,45.5,43.15,44.1,575185
VIPIND,20230201,705.25,724.0,660.1,686.4,961412
VIPULLTD,20230201,17.7,17.7,16.35,17.3,21618
VISAKAIND,20230201,421.05,423.9,403.55,408.1,20476
VISASTEEL,20230201,14.6,14.9,14.2,14.5,19204
VISESHINFO,20230201,0.5,0.55,0.5,0.55,8862005
VISHAL,20230201,19.25,22.5,18.85,20.4,734375
VISHNU,20230201,282.25,287.25,271.6,279.15,46802
VISHWARAJ,20230201,16.75,17.0,16.25,16.35,552065
VIVIDHA,20230201,1.1,1.15,1.1,1.15,460958
VLSFINANCE,20230201,185.0,186.8,182.7,184.95,184513
VMART,20230201,2773.3,2792.0,2740.0,2761.15,33921
VOLTAMP,20230201,2530.0,2600.0,2452.95,2505.75,8565
VOLTAS,20230201,803.5,815.95,784.0,794.6,1322816
VRLLOG,20230201,539.0,539.6,516.1,525.05,312051
VSSL,20230201,320.0,325.0,309.0,313.7,64202
VSTIND,20230201,3039.9,3065.65,2940.0,2964.1,19116
VSTTILLERS,20230201,2340.8,2369.95,2276.05,2282.8,16933
VTL,20230201,304.5,308.65,293.3,298.05,147898
WABAG,20230201,324.0,326.65,303.5,310.55,246328
WALCHANNAG,20230201,69.8,70.7,65.5,66.45,78000
WANBURY,20230201,43.7,43.7,41.2,41.3,6034
WATERBASE,20230201,73.25,87.15,72.5,81.75,2015202
WEALTH,20230201,338.5,352.75,325.35,348.0,5279
WEBELSOLAR,20230201,96.05,97.95,90.85,90.85,175964
WEIZMANIND,20230201,109.6,112.25,105.1,106.6,11834
WEL,20230201,259.85,259.85,242.0,243.7,2101
WELCORP,20230201,211.8,216.8,201.7,205.15,642160
WELENT,20230201,151.55,152.7,140.55,142.35,1037671
WELINV,20230201,282.75,282.85,270.05,272.75,446
WELSPUNIND,20230201,67.55,68.65,63.5,64.35,1861463
WENDT,20230201,8340.0,8340.0,8051.0,8066.65,211
WESTLIFE,20230201,727.0,734.9,683.45,698.55,400976
WEWIN,20230201,49.9,49.95,46.8,47.3,9326
WHEELS,20230201,562.0,571.0,548.0,551.65,7610
WHIRLPOOL,20230201,1383.0,1412.45,1319.8,1344.5,491544
WILLAMAGOR,20230201,19.2,20.1,19.2,20.0,1603
WINDLAS,20230201,248.5,249.9,237.6,238.95,13706
WINDMACHIN,20230201,48.1,49.9,46.7,47.45,150190
WINPRO,20230201,4.0,4.0,3.85,3.85,93526
WIPL,20230201,78.8,78.8,76.0,76.0,516
WIPRO,20230201,401.5,403.9,398.35,402.4,3514948
WOCKPHARMA,20230201,206.2,208.3,196.25,199.05,373928
WONDERLA,20230201,346.5,349.45,336.05,342.3,38365
WORTH,20230201,105.85,106.9,101.0,101.6,3825
WSTCSTPAPR,20230201,541.0,557.4,509.25,512.75,267522
XCHANGING,20230201,64.9,65.3,61.05,62.3,92040
XELPMOC,20230201,148.4,150.0,138.15,140.7,38404
XPROINDIA,20230201,650.5,665.0,630.6,642.65,30259
YAARI,20230201,17.4,17.9,15.95,16.4,491069
YESBANK,20230201,17.3,17.55,16.65,16.9,165385637
YUKEN,20230201,570.0,570.0,543.0,544.65,4068
ZEEL,20230201,227.9,228.0,215.85,221.3,3985166
ZEELEARN,20230201,6.45,6.7,6.4,6.55,728266
ZEEMEDIA,20230201,12.75,13.05,12.0,12.25,1662723
ZENITHEXPO,20230201,128.6,128.6,128.6,128.6,1779
ZENITHSTL,20230201,5.2,5.2,4.95,5.0,106801
ZENSARTECH,20230201,233.0,239.7,231.5,233.95,2848851
ZENTEC,20230201,204.5,211.5,191.0,193.05,2054238
ZFCVINDIA,20230201,9295.0,9349.0,9108.1,9305.0,2199
ZIMLAB,20230201,84.45,86.0,83.45,84.45,12408
ZODIAC,20230201,118.75,118.75,113.25,115.15,37701
ZODIACLOTH,20230201,96.05,97.9,92.0,92.8,17933
ZOMATO,20230201,50.0,51.05,47.05,48.15,68752685
ZOTA,20230201,347.95,347.95,319.45,324.05,45462
ZUARI,20230201,146.6,148.7,137.75,140.2,121575
ZUARIIND,20230201,134.6,138.95,127.5,128.8,31127
ZYDUSLIFE,20230201,434.1,444.5,430.85,435.45,1197903
ZYDUSWELL,20230201,1405.55,1448.9,1402.85,1424.75,103342
