SYMBOL,TIMESTAMP,OPEN,HIGH,LOW,CLOSE,VOLUME
20MICRONS,20190226,34.9,35.9,34.5,35.1,19975
21STCENMGM,20190226,18.3,18.3,17.65,17.75,2482
3IINFOTECH,20190226,3.7,3.7,3.5,3.55,2175386
3MINDIA,20190226,23490.0,23679.0,22787.0,22899.95,4257
3PLAND,20190226,10.55,11.05,10.5,11.0,8757
5PAISA,20190226,228.0,229.95,215.05,220.35,6979
63MOONS,20190226,78.9,79.9,76.1,78.35,292308
8KMILES,20190226,106.8,108.9,104.55,105.05,167500
A2ZINFRA,20190226,15.5,15.8,15.25,15.25,545002
AARTIDRUGS,20190226,588.0,594.7,576.0,588.1,5363
AARTIIND,20190226,1375.0,1399.95,1354.0,1388.45,102261
AARVEEDEN,20190226,21.75,21.8,20.6,21.55,7617
AAVAS,20190226,969.0,1008.1,950.0,991.1,25326
ABAN,20190226,52.9,53.35,51.95,52.8,410013
ABB,20190226,1249.0,1249.0,1228.05,1235.75,80728
ABBOTINDIA,20190226,7302.0,7380.0,7262.15,7359.8,1961
ABCAPITAL,20190226,86.75,88.5,84.7,87.5,2729662
ABFRL,20190226,220.0,226.0,217.3,219.55,560509
ABGSHIP,20190226,1.55,1.55,1.55,1.55,2529
ACC,20190226,1365.0,1394.0,1353.05,1384.35,1019520
ACCELYA,20190226,929.85,929.85,910.85,917.1,1809
ACE,20190226,76.5,80.45,73.5,78.65,458951
ADANIENT,20190226,130.0,134.3,128.0,132.1,8879092
ADANIGAS,20190226,99.5,101.4,96.15,100.55,581121
ADANIGREEN,20190226,32.75,33.25,30.55,32.9,602009
ADANIPORTS,20190226,324.0,326.5,315.75,323.5,14243781
ADANIPOWER,20190226,39.7,48.9,38.0,46.65,39370573
ADANITRANS,20190226,209.3,212.0,191.45,196.2,603512
ADFFOODS,20190226,219.0,220.35,211.3,218.45,16229
ADHUNIK,20190226,1.45,1.5,1.4,1.45,54799
ADHUNIKIND,20190226,41.0,49.4,40.5,48.9,132935
ADLABS,20190226,8.8,9.0,8.7,8.85,142477
ADORWELD,20190226,308.95,310.0,303.0,307.95,2396
ADROITINFO,20190226,16.7,16.7,15.0,15.8,965
ADSL,20190226,12.25,12.75,11.75,11.9,22870
ADVANIHOTR,20190226,68.95,75.0,65.5,66.7,8265
ADVENZYMES,20190226,151.0,151.0,146.8,149.1,140368
AEGISCHEM,20190226,192.0,202.45,192.0,200.25,262428
AGARIND,20190226,168.1,178.0,164.5,175.8,22648
AGCNET,20190226,109.85,115.0,100.4,105.25,5426
AGLSL,20190226,56.65,59.9,56.65,59.65,2699
AGRITECH,20190226,50.0,50.05,46.65,49.45,7263
AHLEAST,20190226,237.35,245.0,230.0,241.0,1518
AHLUCONT,20190226,272.75,294.0,267.05,285.15,25693
AHLWEST,20190226,345.0,345.0,340.0,340.0,133
AIAENG,20190226,1661.0,1748.9,1646.7,1723.65,19516
AIFL,20190226,12.75,13.35,12.15,13.35,149094
AIONJSW,20190226,32.5,32.7,32.05,32.3,32011
AJANTPHARM,20190226,957.0,1007.5,954.4,999.4,642117
AJMERA,20190226,167.6,169.55,164.25,165.75,82539
AKSHARCHEM,20190226,320.0,325.0,310.7,314.4,2323
AKSHOPTFBR,20190226,18.9,18.9,18.3,18.5,421226
AKZOINDIA,20190226,1685.0,1739.9,1667.05,1714.3,4532
ALANKIT,20190226,28.15,28.2,26.5,27.25,733714
ALBERTDAVD,20190226,393.0,393.0,375.0,381.8,3338
ALBK,20190226,44.35,45.0,43.2,44.0,6938443
ALCHEM,20190226,1.9,1.9,1.8,1.85,2528
ALEMBICLTD,20190226,40.45,40.5,39.7,40.0,201094
ALICON,20190226,533.95,558.0,521.0,555.35,3190
ALKALI,20190226,40.0,40.3,38.3,39.85,2047
ALKEM,20190226,1759.05,1783.9,1755.0,1758.35,30072
ALKYLAMINE,20190226,698.1,719.1,698.1,709.4,757
ALLCARGO,20190226,99.2,101.9,98.15,100.4,72804
ALLSEC,20190226,178.05,181.45,176.0,176.05,7755
ALMONDZ,20190226,23.0,23.0,20.8,22.5,1009
ALOKTEXT,20190226,3.3,3.4,3.25,3.35,1100384
ALPA,20190226,24.0,24.45,23.0,23.2,13222
ALPHAGEO,20190226,408.05,408.6,400.0,404.65,4211
AMARAJABAT,20190226,732.0,735.0,717.0,729.0,216817
AMBER,20190226,680.0,688.6,660.0,679.75,5950
AMBIKCO,20190226,1135.25,1145.0,1120.0,1134.8,1058
AMBUJACEM,20190226,208.25,213.0,207.4,212.35,1651331
AMDIND,20190226,22.8,22.85,21.35,22.4,4206
AMJLAND,20190226,20.35,20.55,19.5,20.0,1966
AMRUTANJAN,20190226,297.0,299.95,290.0,296.05,12624
ANANTRAJ,20190226,31.7,32.45,30.65,32.1,549309
ANDHRABANK,20190226,24.15,24.95,24.15,24.45,850028
ANDHRACEMT,20190226,5.1,5.1,4.6,4.85,227109
ANDHRSUGAR,20190226,333.5,343.75,330.1,340.55,124567
ANGIND,20190226,1.2,1.2,1.2,1.2,520
ANIKINDS,20190226,16.4,16.95,15.7,16.25,12747
ANKITMETAL,20190226,0.45,0.5,0.4,0.5,229505
ANSALAPI,20190226,11.6,11.6,10.85,11.15,245158
ANSALHSG,20190226,14.85,14.85,13.5,13.6,367506
ANTGRAPHIC,20190226,0.45,0.5,0.45,0.5,9355
APARINDS,20190226,612.6,644.8,612.6,636.45,3315
APCL,20190226,107.8,108.0,98.7,107.35,2216
APCOTEXIND,20190226,460.0,462.5,455.0,458.75,1851
APEX,20190226,303.9,306.7,297.3,302.45,116963
APLAPOLLO,20190226,1190.0,1190.0,1143.25,1158.25,7439
APLLTD,20190226,540.0,542.05,529.1,534.55,18937
APOLLO,20190226,101.05,103.25,99.5,101.1,17069
APOLLOHOSP,20190226,1175.6,1177.05,1148.0,1157.35,1071336
APOLLOTYRE,20190226,211.0,211.5,206.45,209.65,3339902
APOLSINHOT,20190226,912.05,959.8,910.0,927.4,517
APTECHT,20190226,158.7,163.3,153.15,158.4,227121
ARCHIDPLY,20190226,40.0,40.0,38.2,39.0,14596
ARCHIES,20190226,22.95,22.95,21.8,22.3,36170
ARCOTECH,20190226,5.1,5.1,4.8,5.05,130070
ARIES,20190226,78.5,78.5,75.25,76.35,40509
ARIHANT,20190226,28.45,28.45,26.0,27.6,1060
ARIHANTSUP,20190226,50.4,50.4,47.0,47.75,37008
ARMANFIN,20190226,360.65,373.0,360.6,370.2,2137
AROGRANITE,20190226,47.75,47.75,45.25,46.15,6194
ARROWGREEN,20190226,76.0,77.35,74.2,74.85,3912
ARROWTEX,20190226,18.95,19.45,17.45,18.1,41666
ARSHIYA,20190226,28.1,28.5,27.8,28.0,25143
ARSSINFRA,20190226,33.0,33.65,32.7,32.95,3819
ARVIND,20190226,75.0,75.3,72.8,74.25,2383455
ARVSMART,20190226,117.95,118.3,114.1,116.7,15011
ASAHIINDIA,20190226,250.0,252.85,250.0,251.4,6322
ASAHISONG,20190226,159.0,161.0,150.95,159.0,3657
ASAL,20190226,47.95,48.0,46.0,47.0,1658
ASHAPURMIN,20190226,21.3,23.0,20.6,21.5,30062
ASHIANA,20190226,113.0,114.5,111.0,113.15,19775
ASHIMASYN,20190226,12.75,13.25,12.55,13.15,15516
ASHOKA,20190226,117.75,117.75,112.6,116.4,68457
ASHOKLEY,20190226,82.35,83.75,80.5,83.3,24243625
ASIANHOTNR,20190226,138.0,144.95,136.15,144.0,3424
ASIANPAINT,20190226,1396.9,1407.0,1378.6,1402.0,1147218
ASIANTILES,20190226,172.0,180.8,168.05,174.15,78975
ASPINWALL,20190226,148.25,148.5,145.25,146.15,641
ASSAMCO,20190226,2.6,2.6,2.6,2.6,33093
ASTEC,20190226,492.5,496.0,483.25,491.9,2979
ASTERDM,20190226,151.8,155.65,151.5,154.75,47010
ASTRAL,20190226,1100.0,1121.85,1075.0,1100.25,35545
ASTRAMICRO,20190226,76.45,78.1,75.8,77.0,114760
ASTRAZEN,20190226,1858.95,1894.45,1846.3,1855.35,6725
ASTRON,20190226,99.6,104.0,97.65,99.65,128562
ATFL,20190226,560.0,575.95,537.6,563.8,7356
ATLANTA,20190226,16.7,16.7,15.75,15.8,21908
ATLASCYCLE,20190226,67.4,67.5,62.5,66.3,1613
ATUL,20190226,3300.0,3334.0,3300.0,3308.7,5141
ATULAUTO,20190226,304.4,306.7,300.0,301.25,8780
AUBANK,20190226,569.45,577.0,561.1,569.95,66932
AURIONPRO,20190226,113.0,113.0,109.2,110.25,8732
AUROPHARMA,20190226,700.0,724.4,695.0,719.25,3498295
AUSOMENT,20190226,32.4,33.9,32.4,33.4,4236
AUTOAXLES,20190226,1194.0,1194.0,1138.7,1150.85,24123
AUTOIND,20190226,52.05,53.75,51.75,52.55,10995
AUTOLITIND,20190226,29.55,29.9,29.0,29.4,3095
AVADHSUGAR,20190226,486.9,508.4,470.5,475.6,435217
AVANTIFEED,20190226,340.0,344.75,335.0,337.9,242593
AVTNPL,20190226,24.05,25.2,23.5,24.7,40388
AXISBANK,20190226,694.0,715.6,693.05,710.15,9166951
AXISCADES,20190226,64.0,65.0,62.7,63.3,14985
AXISGOLD,20190226,2945.0,2970.0,2925.5,2937.25,2112
AXISNIFTY,20190226,1099.71,1101.96,1092.97,1101.96,109
AYMSYNTEX,20190226,34.95,36.9,32.1,34.0,8701
BAFNAPHARM,20190226,10.35,10.8,10.35,10.75,28215
BAGFILMS,20190226,4.85,5.0,4.8,4.85,88179
BAJAJ-AUTO,20190226,2834.0,2870.0,2812.0,2859.3,369292
BAJAJCON,20190226,351.0,351.0,342.85,347.75,25566
BAJAJELEC,20190226,456.0,459.5,446.0,452.7,114714
BAJAJFINSV,20190226,6265.0,6498.25,6241.15,6452.65,564523
BAJAJHIND,20190226,8.45,8.65,8.15,8.4,3612001
BAJAJHLDNG,20190226,3022.25,3180.0,3022.25,3130.4,58731
BAJFINANCE,20190226,2637.3,2678.0,2600.0,2657.75,1618996
BALAJITELE,20190226,82.0,83.2,81.0,81.85,26980
BALAMINES,20190226,410.95,424.45,401.0,419.9,17003
BALKRISHNA,20190226,37.2,38.55,34.5,35.75,23789
BALKRISIND,20190226,860.25,888.8,856.5,880.4,787187
BALLARPUR,20190226,3.55,3.55,3.35,3.45,554429
BALMLAWRIE,20190226,173.9,182.0,171.5,178.6,42503
BALPHARMA,20190226,71.0,74.0,68.5,71.6,59569
BALRAMCHIN,20190226,126.95,131.75,122.7,130.25,5388130
BANARBEADS,20190226,42.0,42.8,40.05,41.25,1631
BANARISUG,20190226,1478.95,1519.0,1459.1,1500.15,895
BANCOINDIA,20190226,146.05,148.5,145.4,146.3,48255
BANDHANBNK,20190226,466.2,486.9,466.2,479.0,1697793
BANG,20190226,42.0,42.0,39.4,40.55,25200
BANKBARODA,20190226,102.3,102.3,99.35,101.5,11658555
BANKBEES,20190226,2732.0,2767.5,2723.5,2748.2,116958
BANKINDIA,20190226,81.7,82.1,79.45,81.15,6563004
BANSWRAS,20190226,64.0,64.55,62.5,64.35,644
BARTRONICS,20190226,7.15,7.15,6.8,6.85,77188
BASF,20190226,1292.0,1304.0,1268.3,1281.35,11379
BASML,20190226,185.45,190.0,182.4,187.1,443
BATAINDIA,20190226,1280.3,1314.0,1280.3,1310.3,1370995
BAYERCROP,20190226,4231.05,4316.95,4204.0,4281.2,3916
BBL,20190226,1010.0,1020.5,970.25,1002.2,5578
BBTC,20190226,1241.15,1266.0,1205.0,1210.9,214667
BCG,20190226,2.9,3.4,2.85,3.25,1349244
BDL,20190226,250.0,255.7,245.05,251.5,26521
BEARDSELL,20190226,15.0,15.05,14.6,15.05,488
BEDMUTHA,20190226,17.7,17.7,16.55,17.0,3445
BEL,20190226,79.5,80.55,77.4,79.7,15257415
BEML,20190226,809.95,826.95,795.25,823.15,1662637
BEPL,20190226,61.1,63.0,60.0,60.4,636309
BERGEPAINT,20190226,294.0,298.3,289.85,295.9,609840
BFINVEST,20190226,215.0,230.0,214.0,223.1,341702
BFUTILITIE,20190226,172.5,181.7,171.1,176.7,694751
BGLOBAL,20190226,2.4,2.4,2.3,2.4,2450
BGRENERGY,20190226,49.0,50.05,47.4,49.25,66987
BHAGERIA,20190226,212.95,228.85,212.95,224.15,4757
BHAGYANGR,20190226,30.3,31.4,28.65,29.7,5000
BHAGYAPROP,20190226,29.5,30.6,28.25,29.0,7163
BHANDARI,20190226,1.95,2.0,1.9,1.95,131823
BHARATFIN,20190226,935.0,941.25,915.65,929.2,667792
BHARATFORG,20190226,492.0,513.35,486.05,506.25,2879913
BHARATGEAR,20190226,153.4,153.5,148.0,151.1,12472
BHARATRAS,20190226,3650.05,3690.0,3600.0,3644.5,1606
BHARATWIRE,20190226,62.05,62.05,59.25,60.2,4119
BHARTIARTL,20190226,315.7,320.5,313.4,315.45,5012987
BHEL,20190226,63.55,65.6,62.2,64.85,6564549
BIGBLOC,20190226,27.05,28.7,26.75,28.7,910
BIL,20190226,210.0,210.0,204.65,205.8,10613
BILENERGY,20190226,1.55,1.55,1.55,1.55,119511
BINANIIND,20190226,37.0,39.45,34.4,39.35,66036
BINDALAGRO,20190226,14.0,14.35,13.65,14.2,15391
BIOCON,20190226,614.7,621.75,607.3,619.6,930824
BIOFILCHEM,20190226,6.7,6.7,6.25,6.5,348
BIRLACABLE,20190226,165.0,166.6,156.1,160.75,100016
BIRLACORPN,20190226,464.1,470.0,457.0,461.4,87403
BIRLAMONEY,20190226,44.7,46.6,42.6,45.6,58863
BKMINDST,20190226,3.45,3.45,3.15,3.15,48569
BLBLIMITED,20190226,4.9,5.15,4.45,4.85,2122
BLISSGVS,20190226,179.8,182.7,176.8,178.8,1084650
BLKASHYAP,20190226,19.15,19.9,18.5,19.0,890503
BLS,20190226,104.0,104.0,98.0,102.4,53896
BLUEBLENDS,20190226,3.55,3.8,3.5,3.75,6379
BLUEDART,20190226,3052.8,3118.85,3021.05,3093.1,1313
BLUESTARCO,20190226,601.0,625.0,597.85,614.7,52321
BODALCHEM,20190226,101.8,105.9,98.05,104.45,129816
BOMDYEING,20190226,110.8,112.75,108.15,110.95,848427
BOROSIL,20190226,205.0,208.15,200.8,205.0,27187
BOSCHLTD,20190226,18240.0,18888.0,18060.1,18763.95,37919
BPCL,20190226,336.05,337.95,329.25,336.65,4529397
BPL,20190226,28.15,28.15,25.55,26.6,213334
BRFL,20190226,9.5,9.5,8.9,9.0,61544
BRIGADE,20190226,194.9,199.45,191.85,196.85,63502
BRITANNIA,20190226,3056.0,3092.95,3018.25,3073.5,568492
BRNL,20190226,96.05,97.55,94.05,94.85,11362
BROOKS,20190226,60.0,63.0,58.3,60.55,501821
BSE,20190226,574.0,574.0,565.65,567.45,66812
BSELINFRA,20190226,2.4,2.45,2.2,2.2,214644
BSL,20190226,40.5,41.25,39.45,40.95,5093
BSLGOLDETF,20190226,3124.0,3124.0,3110.0,3110.0,9
BSLNIFTY,20190226,112.66,112.66,111.25,111.97,440
BSOFT,20190226,107.0,108.0,103.6,107.7,727762
BURNPUR,20190226,2.8,2.9,2.7,2.9,107581
BUTTERFLY,20190226,190.1,193.7,186.55,187.2,35153
BVCL,20190226,16.7,16.7,15.9,15.9,413
BYKE,20190226,32.75,33.5,29.7,30.65,279763
CADILAHC,20190226,311.75,313.9,308.15,312.45,607951
CALSOFT,20190226,18.5,20.2,18.4,18.5,25134
CAMLINFINE,20190226,44.0,44.85,42.5,43.95,145226
CANBK,20190226,219.0,220.55,213.35,217.95,4611195
CANDC,20190226,13.0,13.0,12.7,12.7,11896
CANFINHOME,20190226,264.0,267.75,256.6,262.25,1114519
CANTABIL,20190226,230.0,244.0,216.2,237.1,149372
CAPACITE,20190226,198.5,205.5,197.0,202.4,42034
CAPLIPOINT,20190226,384.0,384.05,372.6,378.0,61452
CAPTRUST,20190226,195.0,195.0,178.05,181.05,149
CARBORUNIV,20190226,344.0,351.0,342.9,349.85,18248
CAREERP,20190226,68.0,69.9,66.15,67.6,3405
CARERATING,20190226,953.0,962.5,953.0,961.4,35288
CASTEXTECH,20190226,1.05,1.05,1.05,1.05,285716
CASTROLIND,20190226,151.85,153.0,148.5,151.15,1870882
CCCL,20190226,1.8,1.9,1.8,1.9,6580
CCHHL,20190226,6.05,6.5,6.0,6.3,14581
CCL,20190226,286.5,286.5,271.1,277.05,29426
CDSL,20190226,213.9,219.4,212.9,217.8,192129
CEATLTD,20190226,1074.0,1092.8,1057.45,1077.2,599007
CEBBCO,20190226,20.85,20.85,19.05,19.2,16754
CELEBRITY,20190226,8.15,9.0,8.15,8.55,17954
CELESTIAL,20190226,5.05,5.05,4.65,5.05,71887
CENTENKA,20190226,243.0,245.0,236.0,237.25,27918
CENTEXT,20190226,6.0,6.2,5.85,6.05,137853
CENTRALBK,20190226,31.4,31.45,30.15,30.95,329648
CENTRUM,20190226,32.75,33.0,30.0,32.05,630666
CENTUM,20190226,385.0,397.05,384.6,385.05,4592
CENTURYPLY,20190226,165.15,165.2,161.1,161.6,125604
CENTURYTEX,20190226,789.3,803.3,774.45,799.0,460919
CERA,20190226,2300.0,2328.0,2260.55,2322.6,2637
CEREBRAINT,20190226,26.0,26.0,24.55,25.1,159565
CESC,20190226,670.0,673.7,660.0,668.5,156972
CESCVENT,20190226,452.4,464.4,435.0,459.9,254458
CGCL,20190226,132.75,132.8,123.35,130.15,724917
CGPOWER,20190226,31.0,31.45,27.05,30.85,41444297
CHALET,20190226,280.15,283.95,276.0,280.0,289732
CHAMBLFERT,20190226,157.85,157.85,155.55,156.4,102978
CHEMFAB,20190226,134.25,137.0,133.0,136.9,969
CHENNPETRO,20190226,218.0,228.5,212.5,227.05,849949
CHOLAFIN,20190226,1172.9,1212.0,1162.85,1200.25,225496
CHROMATIC,20190226,0.95,1.0,0.9,1.0,94548
CIGNITITEC,20190226,318.0,327.0,315.35,320.75,10472
CIMMCO,20190226,31.35,32.8,30.2,32.1,17085
CINELINE,20190226,44.3,44.3,42.25,43.25,3388
CINEVISTA,20190226,5.2,5.6,5.1,5.25,7030
CIPLA,20190226,545.1,553.65,538.05,550.4,1952961
CLEDUCATE,20190226,122.75,124.0,116.55,119.75,1339
CLNINDIA,20190226,341.65,348.05,340.55,341.95,11558
CMICABLES,20190226,131.0,131.0,125.1,127.65,23130
CNOVAPETRO,20190226,17.3,18.7,16.25,16.55,2046
COALINDIA,20190226,213.3,222.0,213.0,220.15,11886116
COCHINSHIP,20190226,349.7,349.7,341.0,343.3,49633
COFFEEDAY,20190226,275.05,277.0,268.65,273.45,139156
COLPAL,20190226,1258.0,1263.95,1241.0,1245.1,552155
COMPINFO,20190226,15.75,16.6,15.15,16.25,33722
COMPUSOFT,20190226,9.2,9.35,9.0,9.15,8419
CONCOR,20190226,474.55,476.8,466.0,467.0,1150363
CONSOFINVT,20190226,39.5,41.7,36.5,41.05,765
CONTROLPR,20190226,261.05,264.15,255.0,260.7,3516
CORALFINAC,20190226,14.6,14.9,14.5,14.55,3571
CORDSCABLE,20190226,57.8,57.8,56.45,57.1,7989
COROMANDEL,20190226,439.9,444.1,426.35,435.25,71321
CORPBANK,20190226,29.75,29.75,29.1,29.35,628350
COSMOFILMS,20190226,185.0,191.0,183.05,184.85,24521
COUNCODOS,20190226,2.05,2.1,1.95,2.1,11605
COX&KINGS,20190226,140.0,142.8,137.25,141.4,33290
CPSEETF,20190226,23.5,24.07,23.31,24.0,5514195
CREATIVEYE,20190226,2.75,2.75,2.75,2.75,100
CREDITACC,20190226,397.0,417.45,385.0,410.7,94733
CREST,20190226,125.95,126.85,124.0,125.05,2082
CRISIL,20190226,1531.65,1554.55,1471.0,1476.1,48820
CROMPTON,20190226,208.4,217.95,202.3,202.9,1127181
CTE,20190226,43.0,44.0,41.0,43.0,1588
CUB,20190226,175.5,180.95,175.5,178.25,585100
CUBEXTUB,20190226,14.95,14.95,13.65,14.8,444
CUMMINSIND,20190226,701.15,730.0,681.85,724.9,1349917
CUPID,20190226,122.5,123.0,118.55,120.45,10776
CURATECH,20190226,1.2,1.25,1.2,1.25,310
CYBERMEDIA,20190226,5.5,5.5,5.5,5.5,1
CYBERTECH,20190226,39.65,40.0,39.1,39.5,463
CYIENT,20190226,615.0,630.0,613.3,627.55,329225
DAAWAT,20190226,32.7,32.7,31.5,32.2,643871
DABUR,20190226,426.75,433.55,424.0,428.85,1333714
DALBHARAT,20190226,1140.1,1179.7,1075.0,1175.6,49756
DALMIASUG,20190226,116.0,121.75,111.45,117.35,945979
DAMODARIND,20190226,41.95,41.95,40.0,40.0,1527
DATAMATICS,20190226,90.5,90.5,86.65,87.5,59574
DBCORP,20190226,176.5,180.0,176.5,179.6,99735
DBL,20190226,432.0,432.0,412.5,417.25,388427
DBREALTY,20190226,21.6,21.6,20.8,20.8,170349
DBSTOCKBRO,20190226,7.95,7.95,7.95,7.95,80
DCAL,20190226,184.0,190.7,180.1,187.4,175947
DCBBANK,20190226,180.7,185.75,176.85,183.9,2882082
DCM,20190226,65.15,65.15,63.0,64.05,17757
DCMSHRIRAM,20190226,390.0,390.0,372.0,378.5,122358
DCW,20190226,17.0,17.5,16.25,17.1,247907
DECCANCE,20190226,364.0,364.0,353.05,357.05,7625
DEEPAKFERT,20190226,128.75,129.4,125.0,126.65,129450
DEEPAKNTR,20190226,223.4,226.5,218.45,223.15,87370
DEEPIND,20190226,118.0,118.0,112.0,116.45,12955
DELTACORP,20190226,236.4,241.5,230.05,236.2,1022100
DELTAMAGNT,20190226,80.95,84.0,80.95,82.75,423
DEN,20190226,68.0,71.5,68.0,69.9,34482
DENABANK,20190226,11.15,11.25,10.85,11.15,970748
DENORA,20190226,242.0,245.05,238.0,243.85,3252
DFMFOODS,20190226,190.0,210.0,190.0,208.2,30897
DHAMPURSUG,20190226,227.0,239.6,225.0,234.1,2195092
DHANBANK,20190226,14.2,14.2,13.5,13.95,258078
DHANUKA,20190226,410.0,410.0,393.1,399.9,7094
DHARSUGAR,20190226,11.05,11.05,10.25,10.8,37484
DHFL,20190226,130.5,134.9,125.45,130.6,22322829
DHUNINV,20190226,248.85,254.9,239.95,241.8,931
DIAMONDYD,20190226,850.0,850.0,830.0,838.25,1555
DIAPOWER,20190226,1.05,1.1,1.0,1.05,17528
DICIND,20190226,346.9,372.0,339.95,348.25,572
DIGJAMLTD,20190226,3.75,3.8,3.5,3.55,92946
DISHTV,20190226,36.8,39.75,35.8,37.35,32449137
DIVISLAB,20190226,1570.0,1629.9,1570.0,1621.45,857201
DIXON,20190226,2191.0,2243.0,2180.0,2224.55,3165
DLF,20190226,165.1,167.75,162.1,166.4,5572262
DLINKINDIA,20190226,74.75,74.75,72.35,73.45,24675
DMART,20190226,1481.5,1495.0,1463.25,1469.35,361765
DNAMEDIA,20190226,2.75,2.85,2.65,2.7,41518
DOLLAR,20190226,275.1,276.05,269.0,273.6,5984
DOLPHINOFF,20190226,41.05,42.7,40.9,41.5,83586
DONEAR,20190226,36.9,39.1,35.5,36.6,75587
DPSCLTD,20190226,13.0,13.0,11.3,12.35,13243
DQE,20190226,5.9,6.05,5.5,5.85,7264
DREDGECORP,20190226,349.8,349.8,338.95,343.5,204995
DRREDDY,20190226,2653.9,2659.9,2628.95,2647.8,1013114
DSSL,20190226,28.9,29.1,27.65,27.9,4302
DTIL,20190226,212.05,219.5,207.0,214.6,1603
DUCON,20190226,10.0,10.15,9.7,9.85,110542
DVL,20190226,83.5,85.85,82.5,84.1,2934
DWARKESH,20190226,26.45,28.4,25.4,27.0,2465142
DYNAMATECH,20190226,1370.0,1405.0,1351.05,1396.55,4322
DYNPRO,20190226,99.5,106.6,97.0,105.25,12237
EASTSILK,20190226,1.7,1.7,1.7,1.7,1
EASUNREYRL,20190226,6.95,6.95,6.5,6.5,12841
ECEIND,20190226,190.0,198.0,190.0,194.95,498
ECLERX,20190226,1004.65,1040.8,988.75,1028.75,6878
EDELWEISS,20190226,146.0,146.0,137.9,141.45,1530980
EDL,20190226,8.2,8.65,8.2,8.2,11254
EDUCOMP,20190226,2.25,2.3,2.15,2.2,24128
EICHERMOT,20190226,20670.0,20874.95,20400.1,20620.0,87877
EIDPARRY,20190226,189.9,191.0,185.0,185.9,300955
EIHAHOTELS,20190226,325.0,337.3,324.05,332.9,1098
EIHOTEL,20190226,184.0,185.75,183.15,184.7,182500
EIMCOELECO,20190226,357.05,366.95,357.0,360.1,708
EKC,20190226,26.25,27.95,25.5,26.75,364160
ELAND,20190226,4.2,4.6,4.0,4.55,1429
ELECON,20190226,56.65,58.7,53.95,56.55,106761
ELECTCAST,20190226,19.2,19.2,18.35,18.5,112188
ELECTHERM,20190226,164.3,166.0,157.95,163.55,8241
ELGIEQUIP,20190226,250.35,269.8,249.3,262.35,61270
ELGIRUBCO,20190226,23.0,26.1,22.3,23.2,4517
EMAMILTD,20190226,388.0,406.9,385.5,399.15,418376
EMAMIREAL,20190226,127.0,127.0,120.0,122.8,39655
EMCO,20190226,3.25,3.3,3.05,3.25,70301
EMKAY,20190226,76.4,76.4,71.5,73.5,91277
EMMBI,20190226,121.55,128.45,120.35,127.1,15415
ENDURANCE,20190226,1240.0,1313.0,1192.95,1300.85,51819
ENERGYDEV,20190226,9.25,9.45,8.8,8.95,19801
ENGINERSIN,20190226,105.9,106.15,102.9,105.05,3784576
ENIL,20190226,527.85,529.85,511.55,526.15,1285
EON,20190226,37.0,37.0,35.8,36.65,8981
EQUITAS,20190226,112.0,114.45,109.45,112.0,2297037
ERIS,20190226,604.0,628.9,603.5,604.65,16965
EROSMEDIA,20190226,79.7,80.0,76.05,79.05,290345
ESABINDIA,20190226,831.6,869.0,826.6,858.15,2071
ESCORTS,20190226,649.2,668.0,633.5,660.9,1754000
ESSARSHPNG,20190226,10.5,10.7,9.75,10.4,18431
ESSDEE,20190226,14.9,14.9,13.6,13.75,18541
ESSELPACK,20190226,108.75,114.15,107.45,111.25,98930
ESTER,20190226,31.05,31.05,29.85,30.05,39010
EUROCERA,20190226,1.2,1.25,1.2,1.25,3750
EUROTEXIND,20190226,14.0,15.25,14.0,15.25,3
EVEREADY,20190226,195.0,201.0,195.0,198.8,116269
EVERESTIND,20190226,438.0,438.0,421.3,434.0,16543
EXCEL,20190226,1.7,1.75,1.65,1.75,52149
EXCELCROP,20190226,3150.05,3225.0,3085.6,3200.3,2785
EXCELINDUS,20190226,1050.0,1079.9,981.3,1058.5,10042
EXIDEIND,20190226,216.8,220.4,210.7,219.2,2503117
FACT,20190226,30.25,31.4,30.2,31.0,38575
FAIRCHEM,20190226,396.05,405.4,392.0,400.3,3139
FCL,20190226,36.5,36.55,34.85,35.5,201589
FCONSUMER,20190226,44.0,46.7,42.55,45.95,2394245
FCSSOFT,20190226,0.25,0.25,0.2,0.2,209930
FDC,20190226,152.4,153.0,149.1,151.8,38794
FEDERALBNK,20190226,80.5,82.3,79.0,81.7,14260601
FEL,20190226,32.7,33.65,31.75,33.2,334902
FELDVR,20190226,32.1,33.6,31.5,33.0,7905
FIEMIND,20190226,444.0,444.0,432.05,435.0,4506
FILATEX,20190226,47.5,48.6,45.25,48.05,185073
FINCABLES,20190226,379.8,386.8,378.0,384.5,70361
FINEORG,20190226,1118.95,1135.05,1118.95,1125.8,1554
FINPIPE,20190226,461.9,469.85,458.45,462.75,19592
FLEXITUFF,20190226,45.0,47.5,44.0,44.7,2035
FLFL,20190226,432.0,432.0,420.1,427.0,25282
FMGOETZE,20190226,478.5,485.5,478.45,481.0,762
FMNL,20190226,37.0,38.7,35.7,37.8,36990
FORTIS,20190226,136.25,138.85,134.6,135.0,1900504
FOSECOIND,20190226,1350.05,1368.95,1343.0,1363.75,133
FRETAIL,20190226,420.0,429.0,402.0,415.55,1944344
FSC,20190226,615.0,629.0,610.0,627.85,810
FSL,20190226,43.4,43.9,42.2,42.85,2017204
GABRIEL,20190226,141.65,151.0,141.45,150.25,107688
GAEL,20190226,213.1,220.0,210.0,215.15,27130
GAIL,20190226,324.0,335.4,321.65,333.45,6031684
GAL,20190226,6.0,6.0,5.7,5.7,61598
GALAXYSURF,20190226,1020.15,1026.0,1005.2,1010.75,2447
GALLANTT,20190226,44.05,44.45,42.15,43.1,11091
GALLISPAT,20190226,29.15,29.95,27.3,28.45,22067
GAMMNINFRA,20190226,0.65,0.65,0.55,0.6,1147537
GANDHITUBE,20190226,349.9,350.0,341.25,347.0,422
GANECOS,20190226,244.0,255.0,240.0,250.55,14981
GANESHHOUC,20190226,55.7,57.5,55.55,56.15,25381
GANGESSECU,20190226,48.95,49.0,44.55,45.8,771
GANGOTRI,20190226,1.45,1.45,1.35,1.45,3770
GARDENSILK,20190226,19.8,22.9,18.5,21.15,304611
GARFIBRES,20190226,1010.05,1044.3,994.3,1040.95,5682
GATI,20190226,78.0,79.1,75.5,77.65,872993
GAYAHWS,20190226,0.7,0.7,0.65,0.7,117585
GAYAPROJ,20190226,147.05,150.8,146.0,149.45,18477
GDL,20190226,107.9,108.0,101.15,104.8,83233
GEECEE,20190226,109.2,109.2,108.05,108.9,885
GEMINI,20190226,0.25,0.25,0.15,0.2,159872
GENESYS,20190226,117.8,117.8,113.3,115.65,3430
GENUSPAPER,20190226,6.5,6.75,6.45,6.55,33182
GENUSPOWER,20190226,29.7,30.25,28.8,29.9,92289
GEOJITFSL,20190226,35.0,35.9,33.4,35.5,169639
GEPIL,20190226,794.55,804.7,781.35,796.5,142521
GESHIP,20190226,278.0,278.6,271.0,274.6,53408
GET&D,20190226,287.9,289.2,281.75,285.7,18498
GHCL,20190226,225.9,225.9,220.4,220.85,80617
GICHSGFIN,20190226,240.0,241.0,232.0,238.2,63473
GICRE,20190226,219.0,220.2,215.15,216.15,52725
GILLANDERS,20190226,51.2,51.25,48.5,50.55,889
GILLETTE,20190226,6323.1,6490.0,6299.95,6463.45,4149
GINNIFILA,20190226,13.0,13.25,12.3,13.1,50623
GIPCL,20190226,69.75,71.0,69.1,70.55,27973
GKWLIMITED,20190226,855.0,865.1,855.0,865.05,110
GLAXO,20190226,1332.0,1335.7,1316.0,1322.5,14836
GLENMARK,20190226,588.8,598.0,571.75,588.75,788030
GLOBALVECT,20190226,58.0,58.0,56.15,56.65,1692
GLOBOFFS,20190226,12.7,13.25,12.45,13.25,29165
GLOBUSSPR,20190226,136.0,136.9,132.5,133.7,45202
GMBREW,20190226,534.05,538.0,520.05,530.55,26552
GMDCLTD,20190226,75.1,77.2,74.8,76.1,73833
GMMPFAUDLR,20190226,1092.05,1114.9,1083.2,1110.5,1973
GMRINFRA,20190226,16.3,16.4,15.9,16.25,17618104
GNA,20190226,293.5,305.7,288.0,298.15,82414
GNFC,20190226,260.8,262.4,253.5,256.3,396315
GOACARBON,20190226,412.6,412.6,401.0,404.3,43276
GOCLCORP,20190226,249.75,276.75,246.05,262.85,12505
GODFRYPHLP,20190226,910.0,927.4,877.85,885.55,171759
GODREJAGRO,20190226,479.9,482.0,471.1,474.7,126615
GODREJCP,20190226,656.5,662.95,649.0,654.4,3171686
GODREJIND,20190226,480.55,489.5,471.45,482.25,349736
GODREJPROP,20190226,707.6,742.45,700.0,703.25,358686
GOENKA,20190226,0.3,0.3,0.25,0.3,27594
GOKEX,20190226,72.0,72.6,69.45,70.9,47620
GOKUL,20190226,10.5,11.15,10.5,10.65,3456
GOKULAGRO,20190226,13.85,13.85,13.3,13.85,510
GOLDBEES,20190226,2962.05,2975.0,2950.25,2953.65,11477
GOLDENTOBC,20190226,32.8,32.8,32.8,32.8,80
GOLDIAM,20190226,84.0,84.45,81.35,82.2,5538
GOLDSHARE,20190226,2980.8,3000.0,2970.0,2972.3,1573
GOLDTECH,20190226,13.15,13.2,12.5,12.6,9782
GOODLUCK,20190226,66.0,67.65,62.8,65.05,29288
GPIL,20190226,255.95,257.0,248.55,253.95,66299
GPPL,20190226,77.95,78.0,75.9,76.6,172459
GPTINFRA,20190226,47.0,47.0,43.5,43.55,2095
GRANULES,20190226,93.5,94.75,90.5,93.45,905815
GRAPHITE,20190226,409.0,412.65,402.0,409.8,1052100
GRASIM,20190226,774.0,785.65,762.6,781.0,1452437
GRAVITA,20190226,65.0,68.75,64.25,68.55,53739
GREAVESCOT,20190226,118.8,119.55,117.5,119.1,142424
GREENLAM,20190226,739.0,739.0,686.0,700.0,2349
GREENPLY,20190226,135.0,149.0,135.0,144.5,339943
GREENPOWER,20190226,3.05,3.3,3.0,3.2,153081
GRINDWELL,20190226,519.85,538.0,510.0,535.05,7715
GROBTEA,20190226,429.95,449.4,429.95,438.55,109
GRPLTD,20190226,985.05,1092.0,985.0,1065.1,520
GRSE,20190226,83.55,85.4,82.35,83.7,39358
GRUH,20190226,240.1,251.75,239.15,247.4,574581
GSCLCEMENT,20190226,19.8,20.3,19.4,19.75,12236
GSFC,20190226,91.9,92.0,88.5,90.8,1323870
GSKCONS,20190226,7240.05,7348.45,7215.0,7304.3,61722
GSPL,20190226,157.0,161.0,153.7,160.05,232271
GSS,20190226,104.6,108.0,102.45,106.8,166384
GTL,20190226,4.7,4.8,4.65,4.65,24421
GTLINFRA,20190226,0.75,0.75,0.7,0.75,12318867
GTNIND,20190226,7.8,8.05,7.8,7.9,556
GTNTEX,20190226,8.4,8.8,8.4,8.8,13
GTPL,20190226,80.05,82.0,80.0,81.15,3001
GUFICBIO,20190226,73.2,73.55,70.0,70.25,39676
GUJALKALI,20190226,448.1,448.1,432.0,441.25,52667
GUJAPOLLO,20190226,144.05,144.05,139.05,141.6,1017
GUJFLUORO,20190226,894.3,912.0,882.05,905.15,87723
GUJGASLTD,20190226,119.95,119.95,116.15,116.7,1065549
GUJRAFFIA,20190226,14.25,14.55,14.25,14.45,50001
GULFOILLUB,20190226,875.05,886.45,870.4,876.05,3921
GULFPETRO,20190226,62.0,62.0,58.5,59.35,27305
GULPOLY,20190226,52.95,55.0,50.4,52.4,15533
GVKPIL,20190226,7.95,7.95,7.25,7.65,4061745
HAL,20190226,650.0,676.95,638.0,652.4,39364
HARITASEAT,20190226,438.85,438.95,423.0,433.6,4560
HARRMALAYA,20190226,69.55,69.55,66.7,67.65,23291
HATHWAY,20190226,24.65,24.75,23.25,24.2,120145
HATSUN,20190226,659.5,669.5,654.55,664.45,6649
HAVELLS,20190226,695.0,703.9,689.35,694.3,985971
HAVISHA,20190226,0.85,0.85,0.85,0.85,3615
HBLPOWER,20190226,23.0,24.25,23.0,24.05,125390
HBSL,20190226,6.95,7.25,6.95,7.25,511
HCC,20190226,12.25,12.3,11.9,12.0,1846307
HCG,20190226,196.65,203.35,193.55,200.75,13001
HCL-INSYS,20190226,19.2,19.7,18.5,19.15,710928
HCLTECH,20190226,1080.6,1095.95,1054.95,1058.85,1863185
HDFC,20190226,1874.0,1894.65,1850.0,1853.65,3756159
HDFCAMC,20190226,1337.5,1350.65,1320.0,1347.9,124109
HDFCBANK,20190226,2111.25,2125.0,2101.1,2110.65,2401857
HDFCLIFE,20190226,351.0,355.75,346.35,353.7,619615
HDFCMFGETF,20190226,3047.55,3050.0,3024.9,3044.3,912
HDFCNIFETF,20190226,1059.7,1126.0,1025.8,1122.0,348
HDFCSENETF,20190226,4078.0,4078.0,3538.7,3771.4,56
HDIL,20190226,23.35,23.6,22.75,22.9,3448795
HEG,20190226,2079.9,2085.05,2007.0,2052.65,216161
HEIDELBERG,20190226,149.8,149.9,145.1,148.65,107402
HERCULES,20190226,102.0,103.65,99.5,101.65,17593
HERITGFOOD,20190226,438.85,468.45,434.0,458.85,37353
HEROMOTOCO,20190226,2706.55,2713.0,2614.0,2689.05,751767
HESTERBIO,20190226,1305.9,1333.4,1289.9,1304.35,1140
HEXATRADEX,20190226,20.5,20.95,20.5,20.95,624
HEXAWARE,20190226,350.0,354.4,342.05,353.9,1298802
HFCL,20190226,21.15,21.4,21.1,21.25,1946267
HGINFRA,20190226,194.0,194.0,187.1,192.6,26564
HGS,20190226,608.5,610.0,595.15,605.8,2383
HIGHGROUND,20190226,6.1,6.75,5.9,6.4,225861
HIKAL,20190226,151.7,156.7,147.2,154.05,202752
HIL,20190226,1729.0,1819.9,1693.1,1782.45,23027
HILTON,20190226,16.3,17.2,15.55,16.9,13741
HIMATSEIDE,20190226,167.7,168.45,163.45,166.0,164797
HINDALCO,20190226,192.75,197.2,189.05,196.5,9059558
HINDCOMPOS,20190226,206.05,224.8,206.05,219.35,6323
HINDCOPPER,20190226,46.15,46.15,45.0,45.4,509709
HINDMOTORS,20190226,6.95,7.1,6.7,7.0,79168
HINDNATGLS,20190226,91.95,92.65,79.0,87.05,10162
HINDOILEXP,20190226,116.0,117.8,113.55,116.95,277857
HINDPETRO,20190226,224.9,229.05,221.4,225.85,6735347
HINDUJAVEN,20190226,332.9,332.9,319.0,327.75,944
HINDUNILVR,20190226,1763.4,1785.9,1762.0,1772.25,2190515
HINDZINC,20190226,261.3,264.85,257.6,263.2,389777
HIRECT,20190226,108.1,111.9,104.4,111.4,14035
HISARMETAL,20190226,40.0,44.0,39.05,42.0,7357
HITECH,20190226,169.85,169.9,163.3,168.65,846
HITECHCORP,20190226,93.6,95.95,92.1,95.5,1860
HITECHGEAR,20190226,295.9,295.9,284.0,285.7,2163
HMT,20190226,17.15,18.35,17.15,18.3,348
HMVL,20190226,105.0,106.15,101.25,103.05,11087
HNGSNGBEES,20190226,3218.0,3218.0,3215.99,3216.0,13
HONAUT,20190226,21600.0,21699.95,21307.5,21598.0,359
HONDAPOWER,20190226,1046.1,1060.75,1030.0,1038.6,1382
HOTELEELA,20190226,11.1,11.2,10.45,10.6,761117
HOVS,20190226,135.0,135.0,131.5,132.55,5608
HPL,20190226,48.65,50.5,47.6,49.9,36455
HSCL,20190226,109.0,116.2,107.25,110.15,685556
HSIL,20190226,220.05,224.3,215.45,223.4,139734
HTMEDIA,20190226,38.05,38.4,36.3,37.5,143678
HUBTOWN,20190226,34.4,34.45,33.0,34.0,23758
HUDCO,20190226,41.45,41.45,40.05,40.7,1171637
IBREALEST,20190226,71.25,73.3,69.9,72.0,2289441
IBULHSGFIN,20190226,670.6,675.0,653.3,659.25,7651827
IBULISL,20190226,253.1,286.25,242.25,272.45,224898
IBVENTURES,20190226,289.4,295.0,280.1,287.05,694618
ICICI500,20190226,143.04,143.93,142.57,143.83,637
ICICIB22,20190226,33.74,34.05,33.33,33.95,84793615
ICICIBANK,20190226,350.0,352.7,346.6,348.2,18096382
ICICIGI,20190226,900.0,927.8,895.05,901.55,321165
ICICIGOLD,20190226,30.6,30.6,30.2,30.35,13050
ICICILIQ,20190226,1000.0,1000.0,999.99,999.99,1197
ICICILOVOL,20190226,85.77,86.9,85.59,86.9,20181
ICICIMCAP,20190226,63.2,63.2,61.0,62.28,11299
ICICINF100,20190226,116.0,116.89,115.8,116.89,101
ICICINIFTY,20190226,113.69,113.69,111.5,112.91,49807
ICICINV20,20190226,54.0,55.33,54.0,55.05,2452
ICICINXT50,20190226,26.45,26.45,26.0,26.34,4666
ICICIPRULI,20190226,315.0,315.95,304.75,312.05,1292569
ICICISENSX,20190226,385.0,391.0,377.99,378.38,187
ICIL,20190226,37.35,37.35,35.65,36.6,306694
ICRA,20190226,2919.95,2931.0,2904.95,2914.65,1350
IDBI,20190226,42.5,43.0,41.75,42.25,4912210
IDBIGOLD,20190226,3085.35,3085.35,3078.1,3078.1,4
IDEA,20190226,30.2,30.4,29.2,29.8,21505100
IDFC,20190226,37.4,37.4,36.6,37.05,5565557
IDFCFIRSTB,20190226,45.1,45.85,44.2,45.5,14147496
IDFNIFTYET,20190226,111.0,111.0,107.35,108.0,43
IEX,20190226,157.0,157.7,156.15,156.4,18680
IFBAGRO,20190226,424.0,427.5,410.3,421.55,6347
IFBIND,20190226,800.5,800.5,770.0,777.35,10900
IFCI,20190226,12.55,12.85,12.15,12.55,4423019
IFGLEXPOR,20190226,210.6,212.6,200.25,205.0,6741
IGARASHI,20190226,390.05,392.1,386.05,390.55,44192
IGL,20190226,285.0,291.2,281.05,288.25,1637149
IGPL,20190226,247.25,252.0,232.95,247.65,30740
IIFL,20190226,355.0,357.8,339.9,341.55,143374
IITL,20190226,61.1,61.1,61.1,61.1,10
IL&FSENGG,20190226,9.4,9.6,8.7,9.15,72420
IL&FSTRANS,20190226,6.7,6.7,6.45,6.55,383045
IMFA,20190226,224.1,232.45,207.95,223.65,25048
IMPAL,20190226,855.0,865.0,851.1,860.45,220
IMPEXFERRO,20190226,0.35,0.35,0.3,0.3,202
INDBANK,20190226,9.0,9.15,8.5,8.95,10982
INDHOTEL,20190226,141.0,142.0,139.35,139.85,497832
INDIACEM,20190226,84.5,86.95,81.45,85.25,6895296
INDIAGLYCO,20190226,267.0,268.9,256.1,262.7,136686
INDIANB,20190226,216.0,222.3,210.0,220.8,1814034
INDIANCARD,20190226,102.95,102.95,93.6,94.7,859
INDIANHUME,20190226,273.5,276.4,267.4,274.65,13434
INDIGO,20190226,1117.4,1137.5,1106.0,1128.2,1205100
INDLMETER,20190226,47.75,49.5,45.05,45.25,11379
INDNIPPON,20190226,386.05,389.3,378.2,382.45,2542
INDOCO,20190226,174.25,176.9,173.2,174.2,8785
INDORAMA,20190226,34.5,35.5,34.0,34.4,59543
INDOSOLAR,20190226,2.0,2.0,1.9,1.95,51200
INDOSTAR,20190226,337.3,355.0,336.0,346.45,23308
INDOTECH,20190226,90.0,90.0,87.1,88.0,2857
INDOTHAI,20190226,31.0,31.0,28.25,30.0,7290
INDOWIND,20190226,4.55,5.35,4.55,5.25,63790
INDRAMEDCO,20190226,37.45,37.45,36.45,37.05,14296
INDSWFTLAB,20190226,42.5,42.55,40.8,41.8,43092
INDSWFTLTD,20190226,5.9,6.15,5.2,6.0,86658
INDTERRAIN,20190226,124.0,124.0,112.2,119.55,2511
INDUSINDBK,20190226,1480.0,1488.85,1461.8,1478.1,850891
INEOSSTYRO,20190226,535.5,542.4,507.15,519.6,12545
INFIBEAM,20190226,35.0,35.8,33.75,35.05,6865261
INFRABEES,20190226,295.0,298.11,294.0,298.05,40
INFRATEL,20190226,304.0,310.5,300.15,308.0,5880043
INFY,20190226,748.6,752.6,740.15,742.5,8319610
INGERRAND,20190226,558.0,579.0,550.0,576.25,9965
INOXLEISUR,20190226,283.5,288.1,274.7,280.7,143676
INOXWIND,20190226,68.3,72.0,65.9,71.35,114221
INSECTICID,20190226,621.0,632.0,602.0,624.95,39378
INSPIRISYS,20190226,47.95,52.45,45.4,51.0,2555
INTELLECT,20190226,168.0,181.7,165.05,176.7,821549
INTENTECH,20190226,41.5,44.0,39.1,43.6,19041
INVENTURE,20190226,14.65,14.65,13.75,14.0,92
IOB,20190226,12.9,13.0,12.2,12.9,326033
IOC,20190226,137.0,143.25,136.65,142.25,18210608
IOLCP,20190226,187.0,190.6,180.0,186.55,493957
IPAPPM,20190226,452.0,456.0,412.8,453.3,46751
IPCALAB,20190226,795.0,810.0,784.0,800.35,45780
IRB,20190226,129.0,131.45,126.55,129.65,1881452
IRCON,20190226,381.0,381.95,375.0,378.2,18493
ISEC,20190226,198.0,203.0,192.25,200.6,362167
ISFT,20190226,116.05,117.2,112.55,115.3,1705
ISMTLTD,20190226,7.15,7.15,6.9,7.15,39515
ITC,20190226,274.95,277.0,274.05,275.5,11779606
ITDC,20190226,260.45,308.0,253.1,288.85,1121980
ITDCEM,20190226,101.4,106.95,101.25,106.45,90644
ITI,20190226,90.6,93.45,89.8,91.85,616156
IVC,20190226,4.85,4.85,4.6,4.7,304608
IVP,20190226,91.0,94.9,85.15,87.5,7946
IVRCLINFRA,20190226,0.95,0.95,0.85,0.95,689209
IVZINGOLD,20190226,3015.0,3017.0,3015.0,3017.0,20
IZMO,20190226,54.45,55.0,50.65,53.85,27343
J&KBANK,20190226,37.9,38.1,37.5,37.85,833002
JAGRAN,20190226,94.7,96.0,92.85,94.95,249490
JAGSNPHARM,20190226,27.5,27.8,27.1,27.45,2698
JAIBALAJI,20190226,15.0,15.05,15.0,15.05,64168
JAICORPLTD,20190226,90.1,91.7,88.45,90.0,805157
JAINSTUDIO,20190226,3.4,3.55,3.4,3.55,511
JAMNAAUTO,20190226,54.0,54.1,50.5,52.2,781131
JAYAGROGN,20190226,180.0,181.2,174.1,177.3,9205
JAYBARMARU,20190226,240.1,240.5,230.0,234.4,14555
JAYNECOIND,20190226,3.9,3.9,3.6,3.85,24710
JAYSREETEA,20190226,65.9,65.9,62.55,64.25,85143
JBCHEPHARM,20190226,335.5,335.5,323.4,331.1,23305
JBFIND,20190226,19.0,20.25,18.9,19.1,47272
JBMA,20190226,270.0,270.0,262.25,264.2,16891
JCHAC,20190226,1749.95,1750.0,1710.0,1721.4,4794
JETAIRWAYS,20190226,225.0,227.0,221.0,223.7,3885743
JHS,20190226,26.95,26.95,25.5,26.5,33606
JINDALPHOT,20190226,19.95,20.35,18.5,19.75,5254
JINDALPOLY,20190226,245.9,245.9,236.55,244.55,7334
JINDALSAW,20190226,81.9,83.5,80.25,81.65,517134
JINDALSTEL,20190226,155.0,161.7,153.65,158.55,11817204
JINDCOT,20190226,3.75,3.8,3.65,3.8,3511
JINDRILL,20190226,92.05,92.2,88.6,91.45,22116
JINDWORLD,20190226,69.5,69.75,68.05,68.3,147554
JISLDVREQS,20190226,38.7,39.3,37.4,39.0,26889
JISLJALEQS,20190226,56.9,57.85,55.05,57.25,5526275
JITFINFRA,20190226,14.5,15.2,14.5,14.5,1569
JKCEMENT,20190226,700.2,713.4,700.2,706.95,8081
JKIL,20190226,132.0,134.5,126.85,132.55,249409
JKLAKSHMI,20190226,314.6,316.85,308.2,315.8,66791
JKPAPER,20190226,128.25,129.65,125.35,127.6,788898
JKTYRE,20190226,86.5,87.0,84.8,85.8,741718
JMA,20190226,149.0,154.0,147.15,153.45,2494
JMCPROJECT,20190226,94.1,94.5,92.3,93.9,20352
JMFINANCIL,20190226,75.0,77.4,74.0,76.65,211794
JMTAUTOLTD,20190226,3.0,3.0,2.8,2.95,59820
JOCIL,20190226,111.0,111.0,106.0,106.3,3509
JPASSOCIAT,20190226,5.85,6.0,5.6,5.85,20495915
JPINFRATEC,20190226,3.3,3.3,3.2,3.3,1554001
JPOLYINVST,20190226,26.05,27.45,26.0,27.4,1059
JPPOWER,20190226,1.8,1.9,1.7,1.9,3961609
JSL,20190226,34.05,35.5,32.35,34.55,870430
JSLHISAR,20190226,85.45,92.75,84.45,89.75,1573890
JSWENERGY,20190226,65.0,65.7,64.0,64.9,444250
JSWHL,20190226,2270.0,2335.0,2270.0,2291.3,2745
JSWSTEEL,20190226,279.0,286.8,277.1,284.5,8622676
JTEKTINDIA,20190226,91.9,94.9,88.85,93.2,32540
JUBILANT,20190226,773.5,782.5,754.0,774.75,212598
JUBLFOOD,20190226,1263.0,1279.0,1245.75,1273.4,2064924
JUBLINDS,20190226,121.45,121.45,108.8,111.25,60085
JUNIORBEES,20190226,266.75,270.75,265.52,270.24,31694
JUSTDIAL,20190226,492.3,509.35,492.3,504.7,2138553
JVLAGRO,20190226,3.65,3.65,3.5,3.6,38528
JYOTHYLAB,20190226,180.0,180.05,177.0,178.8,149715
JYOTISTRUC,20190226,1.05,1.05,0.95,1.05,57980
KABRAEXTRU,20190226,65.7,66.9,64.2,66.35,3351
KAJARIACER,20190226,535.75,540.9,527.25,538.85,524836
KAKATCEM,20190226,161.0,161.0,155.25,157.1,14520
KALPATPOWR,20190226,366.0,371.95,362.0,368.5,39269
KALYANIFRG,20190226,265.45,271.0,255.55,264.4,186
KAMATHOTEL,20190226,41.25,41.35,39.2,40.45,87339
KAMDHENU,20190226,151.3,155.0,148.35,154.4,26976
KANANIIND,20190226,4.95,4.95,4.3,4.85,13816
KANORICHEM,20190226,58.9,59.0,56.2,57.9,16084
KANSAINER,20190226,448.3,454.95,440.25,453.55,60479
KARDA,20190226,198.95,200.95,196.1,198.3,24532
KARMAENG,20190226,18.0,18.0,15.8,17.35,4815
KARURVYSYA,20190226,67.95,68.5,66.1,68.1,835591
KAUSHALYA,20190226,0.85,0.85,0.85,0.85,2000
KAVVERITEL,20190226,5.85,5.85,5.4,5.4,17374
KAYA,20190226,675.5,714.0,675.0,709.5,5398
KCP,20190226,80.85,81.75,78.2,80.9,31407
KCPSUGIND,20190226,17.95,18.25,17.05,17.2,518043
KDDL,20190226,433.8,449.35,416.5,433.8,1443
KEC,20190226,252.0,259.5,251.95,256.45,626931
KECL,20190226,15.55,15.7,15.35,15.55,22655
KEI,20190226,328.0,330.75,323.05,326.55,68534
KELLTONTEC,20190226,37.5,38.9,36.3,37.1,55238
KERNEX,20190226,23.35,23.35,22.05,22.5,6812
KESARENT,20190226,31.8,34.3,30.9,31.15,4500
KESORAMIND,20190226,62.95,62.95,60.05,60.85,170400
KEYCORPSER,20190226,49.35,49.35,49.35,49.35,71
KGL,20190226,1.4,1.4,1.3,1.4,1204939
KHADIM,20190226,362.8,368.9,355.0,363.4,3574
KHAITANLTD,20190226,36.15,37.85,36.1,37.7,581
KHANDSE,20190226,16.5,16.5,16.5,16.5,2
KICL,20190226,1489.9,1610.0,1478.35,1584.4,1066
KILITCH,20190226,195.0,195.9,185.1,188.85,51268
KINGFA,20190226,630.0,645.9,627.35,643.4,1766
KIOCL,20190226,130.05,130.05,123.05,125.7,35077
KIRIINDUS,20190226,381.8,381.8,373.0,375.6,55977
KIRLOSBROS,20190226,150.15,154.35,149.5,153.05,27618
KIRLOSENG,20190226,173.95,174.8,163.95,171.05,7268
KIRLOSIND,20190226,758.4,781.55,751.35,755.75,393
KITEX,20190226,90.0,90.75,88.5,88.75,48322
KKCL,20190226,1185.05,1185.05,1141.95,1154.0,79
KMSUGAR,20190226,8.5,9.35,8.1,8.85,850347
KNRCON,20190226,200.0,201.0,195.25,200.2,203709
KOHINOOR,20190226,29.4,29.6,28.75,29.0,180748
KOKUYOCMLN,20190226,89.05,90.0,87.4,88.1,13566
KOLTEPATIL,20190226,242.0,243.3,236.4,237.95,58918
KOPRAN,20190226,36.9,36.95,35.8,36.75,37161
KOTAKBANK,20190226,1224.0,1249.7,1220.1,1236.15,5026571
KOTAKBKETF,20190226,276.95,278.3,274.0,276.89,363732
KOTAKGOLD,20190226,294.25,295.0,291.35,291.7,16671
KOTAKNIFTY,20190226,110.55,111.58,110.1,110.78,88200
KOTAKNV20,20190226,55.84,56.25,54.5,56.0,3581
KOTAKPSUBK,20190226,272.0,274.0,265.0,272.02,14128
KOTARISUG,20190226,9.75,10.4,9.3,9.5,13466
KOTHARIPET,20190226,17.3,17.35,16.8,16.85,2365
KOTHARIPRO,20190226,83.05,85.85,80.6,81.85,2251
KPRMILL,20190226,527.8,534.9,517.55,530.45,14751
KRBL,20190226,315.0,346.8,310.05,338.6,614119
KREBSBIO,20190226,85.55,91.0,85.55,87.05,963
KRIDHANINF,20190226,35.25,37.1,34.6,35.5,108461
KSB,20190226,644.0,654.8,641.8,647.2,4584
KSCL,20190226,391.0,413.2,385.1,409.85,4436125
KSERASERA,20190226,0.15,0.15,0.1,0.15,541385
KSK,20190226,0.95,0.95,0.95,0.95,1266742
KSL,20190226,187.9,190.5,182.0,186.55,39840
KTIL,20190226,50.8,50.8,47.8,48.9,1702
KTKBANK,20190226,113.6,113.9,108.85,112.15,2263234
KWALITY,20190226,6.3,6.45,6.15,6.2,1801693
L&TFH,20190226,124.3,126.25,121.65,123.85,6087781
LAKPRE,20190226,9.05,9.05,9.05,9.05,100
LAKSHVILAS,20190226,55.5,57.3,54.7,56.45,504313
LALPATHLAB,20190226,1012.0,1025.3,1009.45,1013.85,117225
LAMBODHARA,20190226,37.15,38.95,36.35,37.25,3222
LAOPALA,20190226,191.0,192.2,183.85,185.1,63307
LASA,20190226,21.75,23.35,21.75,23.35,7885
LAURUSLABS,20190226,340.5,340.5,331.6,334.55,6412
LAXMIMACH,20190226,5522.7,5759.7,5397.55,5669.55,3909
LEEL,20190226,21.1,21.1,19.95,20.0,377938
LEMONTREE,20190226,74.0,74.6,73.1,73.9,103390
LGBBROSLTD,20190226,385.05,390.0,384.05,389.5,3449
LIBERTSHOE,20190226,139.35,140.55,137.0,138.65,49908
LICHSGFIN,20190226,459.75,471.9,455.1,463.9,3154575
LICNETFGSC,20190226,17.7,17.72,17.04,17.25,458
LICNETFN50,20190226,111.65,112.49,109.9,112.49,79
LICNETFSEN,20190226,390.0,390.0,364.01,377.5,134
LICNFNHGP,20190226,111.65,111.65,111.65,111.65,657
LINCOLN,20190226,170.0,170.95,167.1,167.6,15374
LINCPEN,20190226,201.0,206.0,195.0,201.6,1610
LINDEINDIA,20190226,427.0,432.05,420.0,426.55,28396
LIQUIDBEES,20190226,999.99,1000.01,999.99,1000.0,679874
LIQUIDETF,20190226,999.99,1000.01,999.99,1000.0,13033
LOKESHMACH,20190226,41.05,41.95,40.6,41.0,4796
LOTUSEYE,20190226,23.9,24.6,23.5,23.8,948
LOVABLE,20190226,96.95,96.95,95.0,95.8,13224
LPDC,20190226,4.4,4.45,3.9,4.0,5607
LSIL,20190226,1.15,1.15,1.05,1.15,1914921
LT,20190226,1263.8,1275.0,1253.0,1265.85,2417931
LTI,20190226,1695.0,1719.95,1680.5,1699.4,52708
LTTS,20190226,1495.0,1511.7,1467.25,1498.9,118583
LUMAXIND,20190226,1650.05,1650.05,1610.0,1614.25,1045
LUMAXTECH,20190226,142.3,144.6,137.0,140.75,18939
LUPIN,20190226,777.0,781.0,764.1,776.1,1303086
LUXIND,20190226,1078.55,1102.4,1073.0,1078.45,54739
LYKALABS,20190226,23.1,23.55,22.25,22.45,31907
LYPSAGEMS,20190226,6.15,6.15,5.8,6.05,8695
M&M,20190226,644.8,656.0,640.0,651.3,3862642
M&MFIN,20190226,395.0,397.45,383.25,389.25,1562601
M100,20190226,17.25,17.6,17.05,17.1,16603
M50,20190226,105.19,105.19,103.79,105.01,1655
MAANALU,20190226,82.7,83.3,79.6,80.2,6398
MADHAV,20190226,40.05,41.0,39.95,40.9,6002
MADHUCON,20190226,5.55,5.65,5.3,5.55,33586
MADRASFERT,20190226,20.1,20.95,19.8,20.35,56131
MAGADSUGAR,20190226,119.95,119.95,115.0,119.65,43204
MAGMA,20190226,106.0,109.0,101.6,106.8,116272
MAGNUM,20190226,5.25,5.5,5.1,5.3,4023
MAHABANK,20190226,12.8,13.4,12.6,12.85,631755
MAHAPEXLTD,20190226,105.0,105.0,105.0,105.0,200
MAHASTEEL,20190226,130.0,135.95,129.8,133.85,21378
MAHINDCIE,20190226,226.9,233.0,220.0,227.5,104396
MAHLIFE,20190226,373.3,375.5,370.0,371.65,12771
MAHLOG,20190226,435.0,437.55,425.0,435.2,8847
MAHSCOOTER,20190226,3088.2,3150.4,3087.4,3138.3,4370
MAHSEAMLES,20190226,464.05,474.9,453.55,467.6,61633
MAITHANALL,20190226,407.9,451.05,395.0,441.2,142067
MAJESCO,20190226,461.0,467.9,450.35,457.65,15995
MALUPAPER,20190226,21.35,25.75,21.35,23.95,15089
MAN50ETF,20190226,108.6,108.65,108.6,108.65,300
MANAKALUCO,20190226,7.0,7.25,6.75,7.2,18269
MANAKCOAT,20190226,5.9,6.4,5.85,6.05,1567
MANAKSIA,20190226,35.05,37.8,34.35,34.6,25544
MANAKSTEEL,20190226,18.05,18.9,17.8,18.05,6430
MANALIPETC,20190226,23.6,25.5,22.95,24.35,448604
MANAPPURAM,20190226,112.45,115.0,111.15,113.05,3202966
MANGALAM,20190226,48.9,48.9,46.1,47.35,9522
MANGCHEFER,20190226,34.0,34.85,33.25,34.15,53169
MANGLMCEM,20190226,209.8,210.65,205.0,209.35,2897
MANGTIMBER,20190226,20.0,20.0,18.3,19.3,122682
MANINDS,20190226,58.85,59.85,57.8,58.55,24467
MANINFRA,20190226,32.95,33.25,31.3,32.45,95101
MANPASAND,20190226,68.0,75.2,68.0,73.7,223815
MANUGRAPH,20190226,25.05,25.65,24.9,25.6,5154
MARALOVER,20190226,25.9,25.9,24.1,24.2,6524
MARATHON,20190226,110.0,110.0,104.35,107.35,4476
MARICO,20190226,337.8,344.35,333.1,341.4,2639580
MARKSANS,20190226,23.5,23.7,22.65,22.95,1329870
MARUTI,20190226,6885.0,6975.0,6812.6,6904.3,673415
MASFIN,20190226,539.25,550.0,516.25,547.0,7582
MASKINVEST,20190226,39.75,39.75,39.75,39.75,9
MASTEK,20190226,372.0,383.6,367.05,369.65,89262
MATRIMONY,20190226,383.95,384.0,375.1,376.95,236
MAWANASUG,20190226,44.5,45.35,40.75,42.9,295035
MAXINDIA,20190226,80.4,88.9,79.95,82.35,1347653
MAXVIL,20190226,45.05,45.05,43.8,44.05,22907
MAYURUNIQ,20190226,340.95,356.2,340.0,342.3,11821
MAZDA,20190226,302.7,307.0,300.45,306.95,658
MBECL,20190226,8.15,8.15,7.45,8.15,11558
MBLINFRA,20190226,12.4,12.6,11.8,12.1,55636
MCDHOLDING,20190226,22.75,23.0,22.0,22.25,2658
MCDOWELL-N,20190226,519.8,528.5,512.25,522.25,1451486
MCLEODRUSS,20190226,89.05,93.35,88.5,90.95,118054
MCX,20190226,670.1,675.85,650.0,668.1,538876
MEGASOFT,20190226,6.0,6.15,5.7,6.0,55828
MEGH,20190226,51.4,51.4,49.55,50.5,517605
MELSTAR,20190226,0.9,0.9,0.9,0.9,24
MENONBE,20190226,77.0,77.95,74.3,75.55,9708
MEP,20190226,38.2,38.2,36.45,37.15,46606
MERCATOR,20190226,7.2,7.6,7.15,7.55,805740
MERCK,20190226,2876.4,2943.0,2860.55,2906.55,27112
METALFORGE,20190226,9.55,9.55,9.55,9.55,21954
METKORE,20190226,1.0,1.1,1.0,1.05,18909
MFSL,20190226,407.0,410.0,396.0,399.45,694538
MGL,20190226,865.0,898.0,862.45,890.6,395740
MHRIL,20190226,191.9,196.3,191.0,194.85,12375
MIC,20190226,0.95,1.0,0.9,1.0,956405
MIDHANI,20190226,112.0,113.75,109.0,113.25,117842
MINDACORP,20190226,126.25,128.0,124.0,125.9,159411
MINDAIND,20190226,310.5,313.75,305.0,308.75,96037
MINDTECK,20190226,34.85,35.0,32.05,33.0,2276
MINDTREE,20190226,899.1,916.2,889.0,907.25,1162090
MIRCELECTR,20190226,21.95,22.3,21.3,21.65,200823
MIRZAINT,20190226,52.1,52.8,50.6,52.05,156426
MMFL,20190226,511.0,523.45,510.0,521.55,9368
MMTC,20190226,25.45,25.8,25.15,25.45,717642
MOHITIND,20190226,8.8,9.0,8.1,8.4,36282
MOHOTAIND,20190226,37.1,40.5,37.1,38.35,18242
MOIL,20190226,143.4,144.25,141.05,143.35,137504
MOLDTECH,20190226,42.3,42.6,41.2,41.55,4446
MOLDTKPAC,20190226,235.0,245.0,226.0,243.7,38502
MONSANTO,20190226,2562.05,2587.85,2502.5,2559.55,2753
MONTECARLO,20190226,342.65,351.85,338.9,348.5,15449
MORARJEE,20190226,21.95,21.95,20.4,20.65,2670
MOREPENLAB,20190226,17.2,17.2,16.4,16.55,766605
MOTHERSUMI,20190226,157.6,162.35,152.85,157.45,17967409
MOTILALOFS,20190226,602.25,602.25,579.0,581.7,133245
MOTOGENFIN,20190226,42.0,48.0,41.55,48.0,280
MPHASIS,20190226,1013.0,1034.5,1003.75,1027.35,91221
MPSLTD,20190226,446.0,446.0,427.0,439.5,3696
MRF,20190226,55140.15,56387.1,54400.0,55952.9,5776
MRO-TEK,20190226,41.1,43.0,38.0,42.3,4722
MRPL,20190226,63.9,65.4,62.25,64.8,1821293
MSPL,20190226,14.05,14.85,13.0,13.7,85556
MTEDUCARE,20190226,61.9,61.9,57.5,60.2,63266
MTNL,20190226,12.6,12.7,12.3,12.5,639424
MUKANDENGG,20190226,15.9,18.3,15.1,17.9,13709
MUKANDLTD,20190226,54.65,55.95,53.85,55.1,45637
MUKTAARTS,20190226,37.8,37.85,36.2,36.55,12441
MUNJALAU,20190226,53.0,53.0,51.2,52.15,53860
MUNJALSHOW,20190226,164.9,164.9,160.8,163.7,14095
MURUDCERA,20190226,22.3,22.3,20.55,20.95,57265
MUTHOOTCAP,20190226,790.65,797.95,770.15,789.2,6293
MUTHOOTFIN,20190226,534.0,535.9,519.15,525.95,678123
MVL,20190226,0.2,0.25,0.15,0.25,623218
N100,20190226,499.0,507.99,494.0,496.7,3024
NACLIND,20190226,28.15,28.8,27.6,28.05,21942
NAGAFERT,20190226,6.3,6.45,6.15,6.4,100646
NAGAROIL,20190226,0.35,0.35,0.3,0.35,476653
NAGREEKCAP,20190226,12.35,13.35,12.35,12.55,5633
NAGREEKEXP,20190226,20.5,21.75,19.35,21.75,824
NAHARCAP,20190226,81.75,81.75,78.6,80.8,813
NAHARINDUS,20190226,40.9,40.9,39.0,39.8,2436
NAHARPOLY,20190226,37.0,39.4,35.5,38.0,1286
NAHARSPING,20190226,84.6,84.7,82.1,82.9,37834
NATCOPHARM,20190226,570.0,578.05,562.0,575.4,162623
NATHBIOGEN,20190226,400.0,404.15,385.7,390.55,13163
NATIONALUM,20190226,47.8,49.1,46.85,48.5,23704333
NATNLSTEEL,20190226,6.5,6.6,6.15,6.15,31113
NAUKRI,20190226,1648.15,1762.55,1626.05,1734.45,285894
NAVINFLUOR,20190226,585.1,597.75,583.1,593.9,14264
NAVKARCORP,20190226,40.65,41.0,39.35,40.55,103607
NAVNETEDUL,20190226,103.95,105.0,102.3,103.9,52296
NBCC,20190226,52.0,53.0,51.15,52.65,7759779
NBIFIN,20190226,1081.2,1170.8,1081.2,1170.8,99
NBVENTURES,20190226,102.65,102.65,100.05,101.15,64691
NCC,20190226,81.9,83.05,80.3,82.4,8153279
NCLIND,20190226,114.05,120.95,110.3,119.6,64198
NDGL,20190226,675.0,727.0,675.0,682.25,290
NDL,20190226,45.0,45.4,44.0,44.55,12134
NDTV,20190226,34.9,35.5,34.1,34.95,30256
NECCLTD,20190226,7.9,8.25,7.75,7.95,7975
NECLIFE,20190226,16.8,17.1,16.15,16.45,143905
NELCAST,20190226,64.7,64.9,62.45,63.5,32304
NELCO,20190226,228.0,235.95,222.55,231.15,43136
NESCO,20190226,430.1,434.8,427.55,432.45,8572
NESTLEIND,20190226,10799.0,10855.0,10666.5,10804.4,72467
NETF,20190226,108.81,108.81,108.81,108.81,2
NETWORK18,20190226,32.2,32.9,31.8,32.1,542573
NEULANDLAB,20190226,702.0,827.3,701.1,784.65,546061
NEWGEN,20190226,302.95,303.0,293.9,300.15,17440
NEXTMEDIA,20190226,25.6,25.65,25.6,25.65,94958
NFL,20190226,33.5,33.7,32.65,33.35,194701
NH,20190226,200.05,209.0,199.8,205.2,853023
NHPC,20190226,23.2,23.45,23.2,23.3,12590507
NIACL,20190226,171.6,172.95,169.0,172.15,24330
NIBL,20190226,20.0,21.0,18.4,19.05,1731
NIFTYBEES,20190226,1130.0,1142.39,1126.0,1136.25,76382
NIITLTD,20190226,80.7,81.95,79.3,81.1,824577
NIITTECH,20190226,1306.0,1328.5,1288.6,1316.55,760595
NILAINFRA,20190226,6.65,6.8,6.5,6.55,125285
NILASPACES,20190226,2.4,2.45,2.3,2.35,191813
NILKAMAL,20190226,1254.9,1254.9,1228.25,1248.75,8668
NIPPOBATRY,20190226,718.95,718.95,685.2,699.2,1011
NITCO,20190226,38.45,38.6,36.55,38.2,134011
NITESHEST,20190226,5.6,5.7,5.45,5.6,50344
NITINFIRE,20190226,1.35,1.4,1.3,1.35,63720
NITINSPIN,20190226,78.4,78.4,75.5,77.3,21439
NKIND,20190226,33.55,38.0,33.55,36.8,123
NLCINDIA,20190226,64.7,64.95,63.4,64.15,832448
NMDC,20190226,96.55,97.65,96.2,97.2,3765468
NOCIL,20190226,128.5,128.5,124.0,126.45,412799
NOIDATOLL,20190226,6.15,6.15,5.5,5.8,14666
NRAIL,20190226,273.5,276.75,265.2,267.6,9354
NRBBEARING,20190226,195.7,204.6,189.55,199.0,173313
NSIL,20190226,964.95,985.3,945.0,970.0,808
NTL,20190226,1.2,1.25,1.2,1.25,7
NTPC,20190226,137.2,141.2,136.3,140.55,12918108
NUCLEUS,20190226,335.0,343.3,320.2,338.65,17747
NUTEK,20190226,0.35,0.35,0.3,0.3,4314
OBEROIRLTY,20190226,482.0,495.0,468.05,493.15,687506
OCCL,20190226,1100.0,1122.0,1072.1,1107.1,2714
OFSS,20190226,3481.15,3489.9,3440.45,3475.6,55232
OIL,20190226,172.4,176.1,171.3,174.0,2211640
OILCOUNTUB,20190226,14.45,14.45,13.5,13.55,28338
OLECTRA,20190226,208.0,208.4,198.0,204.0,93486
OMAXAUTO,20190226,85.6,102.0,82.05,88.8,97593
OMAXE,20190226,207.05,207.65,206.2,206.5,231691
OMKARCHEM,20190226,14.65,15.8,14.65,15.4,17461
OMMETALS,20190226,31.5,31.5,30.35,30.8,17241
ONELIFECAP,20190226,11.0,11.0,10.4,10.6,418
ONGC,20190226,147.5,149.2,146.0,147.5,12458860
ONMOBILE,20190226,29.9,29.9,28.35,29.4,133308
ONWARDTEC,20190226,59.05,63.4,58.35,60.2,11140
OPTIEMUS,20190226,112.35,112.4,107.8,109.05,20760
OPTOCIRCUI,20190226,8.0,8.0,7.55,7.7,450953
ORBTEXP,20190226,89.0,94.95,88.0,93.1,409
ORCHIDPHAR,20190226,3.5,3.7,3.45,3.7,17555
ORICONENT,20190226,25.45,27.8,24.75,26.0,58726
ORIENTABRA,20190226,23.85,23.9,22.0,22.85,13331
ORIENTALTL,20190226,13.3,14.95,13.2,14.55,27719
ORIENTBANK,20190226,81.5,81.6,78.3,80.0,4482308
ORIENTBELL,20190226,163.0,163.9,158.4,159.55,10327
ORIENTCEM,20190226,70.0,72.0,67.6,68.9,113107
ORIENTELEC,20190226,135.6,144.55,131.35,142.4,49373
ORIENTHOT,20190226,38.9,40.05,38.35,39.6,22694
ORIENTLTD,20190226,146.0,148.0,140.0,146.9,532
ORIENTPPR,20190226,32.7,33.1,32.0,32.8,262855
ORIENTREF,20190226,191.9,207.0,191.65,205.05,27273
ORISSAMINE,20190226,842.5,842.5,802.0,810.35,8536
ORTEL,20190226,3.7,3.7,3.7,3.7,6633
ORTINLABSS,20190226,12.65,13.2,12.4,13.05,5514
OSWALAGRO,20190226,7.0,7.6,6.9,7.35,23535
PAGEIND,20190226,21649.95,22280.0,21405.0,22168.5,45766
PAISALO,20190226,300.65,300.65,298.9,299.9,197
PALASHSECU,20190226,36.75,38.55,36.75,38.55,6023
PALREDTEC,20190226,27.7,28.7,26.55,28.2,1176
PANACEABIO,20190226,192.0,198.9,192.0,193.95,68376
PANAMAPET,20190226,100.65,107.05,98.6,105.3,25342
PAPERPROD,20190226,192.0,194.4,180.35,189.45,15653
PARABDRUGS,20190226,1.5,1.5,1.45,1.45,549
PARACABLES,20190226,10.0,11.1,10.0,10.85,104206
PARAGMILK,20190226,217.5,223.45,216.4,219.05,240320
PARSVNATH,20190226,6.15,6.2,5.55,5.9,54461
PATELENG,20190226,24.65,24.75,23.9,24.5,121862
PATINTLOG,20190226,40.25,40.8,38.0,39.95,19302
PATSPINLTD,20190226,10.05,11.0,10.05,10.6,5178
PCJEWELLER,20190226,67.0,67.65,65.0,66.85,5972884
PDMJEPAPER,20190226,17.85,18.45,17.45,17.65,11050
PDPL,20190226,7.95,7.95,7.75,7.75,4501
PDSMFL,20190226,260.0,260.0,254.0,255.0,644
PEARLPOLY,20190226,11.1,11.4,10.3,10.85,1774
PEL,20190226,2285.0,2332.25,2267.5,2317.5,424802
PENIND,20190226,33.15,34.0,32.5,33.35,79530
PENINLAND,20190226,9.0,9.0,8.25,8.6,598180
PENPEBS,20190226,51.55,52.8,49.25,51.75,3916
PERSISTENT,20190226,591.1,633.9,591.1,630.35,303836
PETRONENGG,20190226,19.8,20.3,18.95,19.85,6738
PETRONET,20190226,216.95,223.9,215.85,221.8,2767504
PFC,20190226,110.0,112.5,108.4,112.0,8625442
PFIZER,20190226,3030.0,3124.0,2981.15,3098.25,27692
PFOCUS,20190226,50.0,62.1,50.0,62.0,386832
PFS,20190226,15.25,15.3,14.55,14.95,533193
PGEL,20190226,72.0,72.35,70.5,70.9,41723
PGHH,20190226,10085.0,10150.0,9876.0,10046.2,1139
PGIL,20190226,140.0,140.0,135.0,135.5,393
PHILIPCARB,20190226,149.45,151.8,146.1,150.5,1260456
PHOENIXLTD,20190226,590.0,590.0,575.0,578.95,44059
PIDILITIND,20190226,1104.0,1132.0,1080.0,1126.6,474694
PIIND,20190226,914.0,914.0,903.6,910.65,38517
PILANIINVS,20190226,2145.0,2150.0,2060.95,2087.6,606
PILITA,20190226,6.4,6.4,6.05,6.4,3487
PIONDIST,20190226,131.05,131.05,128.0,128.75,3282
PIONEEREMB,20190226,20.5,20.5,19.15,19.4,10159
PIRPHYTO,20190226,27.1,27.25,26.7,27.2,1607
PITTIENG,20190226,53.45,53.45,51.2,51.8,24508
PKTEA,20190226,155.0,162.0,155.0,160.0,65
PLASTIBLEN,20190226,169.0,174.45,164.1,168.0,1991
PNB,20190226,72.8,72.8,70.1,71.85,24903931
PNBGILTS,20190226,29.95,29.95,29.0,29.75,90951
PNBHOUSING,20190226,918.0,919.0,892.55,911.9,128169
PNC,20190226,21.9,22.0,19.9,20.55,12999
PNCINFRA,20190226,131.0,134.4,128.3,129.3,440069
PODDARHOUS,20190226,503.05,515.05,501.0,504.1,248
PODDARMENT,20190226,154.1,161.4,148.0,153.95,2144
POKARNA,20190226,164.9,164.9,159.0,162.45,7388
POLYMED,20190226,209.9,209.9,200.45,205.35,1843
POLYPLEX,20190226,472.95,477.15,463.0,469.35,45345
PONNIERODE,20190226,147.9,150.85,141.4,143.3,8249
POWERGRID,20190226,179.5,182.7,178.85,181.2,7697140
POWERMECH,20190226,864.7,875.0,838.5,865.25,991
PPAP,20190226,285.0,287.9,274.2,280.9,6532
PRABHAT,20190226,54.2,55.0,53.25,53.95,90248
PRADIP,20190226,1.2,1.2,1.2,1.2,1159
PRAENG,20190226,9.35,9.35,8.65,9.2,14671
PRAJIND,20190226,144.95,145.3,140.65,142.4,3285183
PRAKASH,20190226,92.8,93.0,89.0,91.05,711245
PRAKASHCON,20190226,4.35,4.35,3.75,3.85,593945
PRAKASHSTL,20190226,0.35,0.35,0.3,0.3,5292
PRAXIS,20190226,164.95,168.0,162.0,164.5,6836
PRECAM,20190226,49.35,51.5,49.0,50.95,7259
PRECWIRE,20190226,187.05,188.95,182.5,187.45,11467
PREMEXPLN,20190226,226.7,227.0,217.05,221.7,7125
PREMIER,20190226,6.35,6.35,6.05,6.1,3158
PREMIERPOL,20190226,23.5,26.15,23.0,24.55,5024
PRESSMN,20190226,26.35,30.8,24.7,26.55,31342
PRESTIGE,20190226,202.25,208.35,198.1,204.95,436168
PRICOLLTD,20190226,36.4,36.4,34.9,35.25,48855
PRIMESECU,20190226,40.6,40.8,39.25,39.45,8768
PROSEED,20190226,0.5,0.5,0.45,0.5,88221
PROVOGE,20190226,1.4,1.4,1.4,1.4,6210
PROZONINTU,20190226,27.4,27.45,26.25,26.75,73874
PRSMJOHNSN,20190226,72.0,74.55,70.45,73.7,175650
PSB,20190226,25.5,25.5,24.85,25.25,35397
PSL,20190226,1.25,1.25,1.25,1.25,69184
PSPPROJECT,20190226,395.95,409.9,380.05,401.05,33299
PSUBNKBEES,20190226,302.91,303.27,297.99,302.26,26706
PTC,20190226,77.8,78.0,76.05,77.45,260767
PTL,20190226,37.55,38.15,36.6,37.8,16406
PUNJABCHEM,20190226,708.95,710.0,681.0,686.6,5314
PUNJLLOYD,20190226,1.9,2.0,1.9,2.0,10628494
PURVA,20190226,72.1,72.5,67.2,70.0,176869
PVP,20190226,3.7,3.7,3.7,3.7,9583
PVR,20190226,1472.3,1517.45,1465.7,1509.0,349990
QGOLDHALF,20190226,1475.5,1478.5,1469.0,1471.0,341
QNIFTY,20190226,1099.0,1099.0,1094.5,1094.5,58
QUESS,20190226,680.0,699.8,651.0,695.0,52648
QUICKHEAL,20190226,197.2,201.0,193.1,197.8,186037
RADAAN,20190226,3.05,3.05,3.05,3.05,3734
RADICO,20190226,364.5,374.45,363.1,367.95,532254
RADIOCITY,20190226,55.25,55.25,51.95,53.8,94494
RAIN,20190226,109.0,110.5,105.6,108.5,1149320
RAINBOWPAP,20190226,0.75,0.8,0.7,0.7,30463
RAJESHEXPO,20190226,556.0,573.65,553.1,565.6,154578
RAJRAYON,20190226,0.1,0.1,0.05,0.05,74304
RAJSREESUG,20190226,23.0,23.0,21.05,21.8,37856
RAJTV,20190226,40.8,43.8,40.8,43.75,125
RALLIS,20190226,152.25,153.65,150.2,152.85,271183
RAMANEWS,20190226,22.0,22.7,21.6,22.55,12093
RAMASTEEL,20190226,93.55,94.05,90.5,90.95,13464
RAMCOCEM,20190226,640.0,652.85,628.0,647.3,314076
RAMCOIND,20190226,189.0,196.4,185.05,194.35,36536
RAMCOSYS,20190226,225.0,230.8,222.0,229.1,11847
RAMKY,20190226,103.15,103.9,98.1,99.65,115135
RAMSARUP,20190226,0.3,0.3,0.3,0.3,3107
RANASUG,20190226,3.6,3.6,3.15,3.45,520832
RANEENGINE,20190226,450.3,457.3,450.0,450.0,211
RANEHOLDIN,20190226,1100.0,1113.15,1070.0,1102.7,7096
RATNAMANI,20190226,841.6,867.85,835.0,860.15,5052
RAYMOND,20190226,749.95,760.9,739.0,756.8,712074
RBL,20190226,521.6,533.0,519.4,530.1,2680
RBLBANK,20190226,567.0,578.8,560.6,576.0,996819
RCF,20190226,52.25,52.5,51.3,51.9,720001
RCOM,20190226,5.9,6.65,5.85,6.4,121674643
RECLTD,20190226,130.0,134.9,130.0,134.35,9478660
REDINGTON,20190226,81.65,83.9,80.85,83.3,109849
REFEX,20190226,28.9,30.3,27.5,30.3,534471
REGENCERAM,20190226,2.9,2.9,2.9,2.9,125
RELAXO,20190226,747.7,750.8,733.05,747.8,10672
RELCAPITAL,20190226,159.8,173.4,157.3,171.1,15500890
RELCNX100,20190226,112.21,113.12,112.1,113.05,173
RELCONS,20190226,50.15,50.15,49.34,50.0,2356
RELDIVOPP,20190226,28.79,29.11,28.79,29.1,158
RELIANCE,20190226,1209.5,1234.8,1206.0,1220.25,10131050
RELIGARE,20190226,19.3,19.5,18.8,19.15,110358
RELINFRA,20190226,128.45,134.0,126.8,132.25,14329305
RELNV20,20190226,558.48,564.99,558.48,560.5,450
REMSONSIND,20190226,77.2,83.1,77.2,80.95,3860
RENUKA,20190226,11.1,11.1,10.6,10.75,1757305
REPCOHOME,20190226,320.2,330.3,308.5,325.85,1268074
REPRO,20190226,548.0,553.0,532.6,541.15,2680
RESPONIND,20190226,96.95,96.95,90.2,93.25,93485
RETFMID150,20190226,69.98,69.98,58.9,59.2,4365
REVATHI,20190226,364.4,365.0,358.0,365.0,70
RHFL,20190226,28.3,28.75,27.45,27.45,617767
RICOAUTO,20190226,59.5,60.9,59.0,60.0,104048
RIIL,20190226,274.9,277.75,268.75,273.9,150060
RITES,20190226,211.35,217.9,210.9,214.4,320329
RJL,20190226,300.0,303.95,297.35,300.0,1624
RKDL,20190226,8.2,8.2,7.7,8.0,2723
RKFORGE,20190226,482.5,495.0,466.25,478.95,42963
RMCL,20190226,19.75,19.9,17.6,18.3,424546
RML,20190226,340.65,343.0,334.55,339.6,2264
RNAM,20190226,196.0,200.55,192.5,195.2,461116
RNAVAL,20190226,9.5,9.6,8.7,9.4,1219146
ROHITFERRO,20190226,1.1,1.1,1.05,1.05,15538
ROHLTD,20190226,96.0,103.9,91.95,100.6,31177
ROLLT,20190226,2.6,2.6,2.4,2.55,8813
ROLTA,20190226,5.9,6.45,5.85,6.4,2214879
ROSSELLIND,20190226,68.6,70.0,67.0,69.75,2747
RPGLIFE,20190226,221.8,221.85,212.75,216.5,13155
RPOWER,20190226,10.85,11.0,10.4,10.8,48238885
RPPINFRA,20190226,104.0,104.4,101.15,103.0,277889
RSSOFTWARE,20190226,27.65,27.65,26.5,27.05,20329
RSWM,20190226,164.8,164.8,158.8,162.65,13341
RSYSTEMS,20190226,47.8,48.0,47.3,47.6,9964
RTNINFRA,20190226,2.8,2.95,2.7,2.75,416470
RTNPOWER,20190226,2.8,2.85,2.65,2.7,1750716
RUBYMILLS,20190226,264.15,270.0,259.75,268.55,7062
RUCHINFRA,20190226,2.35,2.5,2.35,2.4,13502
RUCHIRA,20190226,92.0,92.2,89.55,91.45,14202
RUCHISOYA,20190226,6.0,6.0,5.7,5.85,776287
RUPA,20190226,306.8,311.65,303.0,304.75,7577
RUSHIL,20190226,479.9,486.0,465.0,481.05,4230
SABTN,20190226,3.3,3.6,3.3,3.6,40005
SADBHAV,20190226,172.95,172.95,169.05,170.9,52373
SADBHIN,20190226,83.7,84.25,80.65,83.95,4042
SAGARDEEP,20190226,95.25,95.25,84.35,93.45,316120
SAGCEM,20190226,560.9,571.0,551.95,560.0,2148
SAIL,20190226,48.0,49.05,46.7,48.55,21504680
SAKHTISUG,20190226,10.45,10.45,9.35,10.0,331598
SAKSOFT,20190226,280.3,287.0,275.15,277.8,22158
SAKUMA,20190226,33.0,33.7,32.05,32.55,406706
SALASAR,20190226,226.05,227.0,221.25,225.1,3281
SALONA,20190226,61.05,64.9,61.0,64.4,736
SALORAINTL,20190226,20.75,20.75,20.75,20.75,400
SALSTEEL,20190226,4.75,4.85,4.65,4.75,21949
SALZERELEC,20190226,123.1,123.5,117.35,119.05,7073
SAMBHAAV,20190226,3.85,3.9,3.65,3.7,14645
SANCO,20190226,13.2,14.0,13.0,13.4,21797
SANDESH,20190226,682.05,699.7,682.0,696.35,333
SANDHAR,20190226,261.6,271.9,261.5,268.15,99353
SANGAMIND,20190226,58.45,59.55,55.5,57.8,10863
SANGHIIND,20190226,53.8,54.5,52.1,53.8,68388
SANGHVIFOR,20190226,24.1,24.1,20.75,22.95,1216
SANGHVIMOV,20190226,94.0,97.2,91.35,94.8,8828
SANOFI,20190226,6185.1,6190.0,6032.25,6068.6,4548
SANWARIA,20190226,8.5,8.6,8.35,8.45,670676
SARDAEN,20190226,247.0,247.75,238.7,246.05,17945
SAREGAMA,20190226,550.95,551.0,533.05,542.25,11316
SARLAPOLY,20190226,25.5,25.5,24.0,24.85,11973
SASKEN,20190226,628.9,628.9,605.0,613.85,5979
SASTASUNDR,20190226,105.5,107.95,105.05,107.95,4610
SATHAISPAT,20190226,9.5,9.5,9.5,9.5,5
SATIN,20190226,251.1,261.3,243.0,257.5,70243
SBIETFQLTY,20190226,95.0,96.9,94.0,94.8,620
SBILIFE,20190226,561.0,564.0,555.0,559.4,205333
SBIN,20190226,266.8,268.2,263.25,266.35,15274303
SCAPDVR,20190226,0.7,0.7,0.6,0.7,14811
SCHAEFFLER,20190226,5220.75,5337.9,5202.6,5301.15,1334
SCHAND,20190226,177.0,180.0,172.15,179.4,5406
SCHNEIDER,20190226,88.5,90.9,86.5,88.95,38393
SCI,20190226,35.65,35.75,34.9,35.6,889548
SDBL,20190226,145.0,146.0,141.5,143.7,33695
SEAMECLTD,20190226,336.55,359.0,335.85,355.05,31843
SELAN,20190226,172.7,172.7,165.2,170.6,48677
SELMCL,20190226,1.15,1.15,1.05,1.05,17268
SEPOWER,20190226,3.65,3.8,3.4,3.5,3550
SEQUENT,20190226,67.3,69.65,66.7,67.95,538564
SESHAPAPER,20190226,876.9,889.15,870.05,882.25,945
SETCO,20190226,29.7,30.75,29.5,30.5,64788
SETFGOLD,20190226,2996.0,3024.0,2996.0,3014.05,1851
SETFNIF50,20190226,109.0,110.85,108.7,110.29,94102
SETFNIFBK,20190226,272.27,272.8,269.67,272.39,10537
SETFNN50,20190226,271.0,275.0,263.36,267.0,2920
SFL,20190226,1311.05,1359.8,1282.05,1325.9,1877
SGL,20190226,6.55,6.55,5.9,6.25,3447
SHAHALLOYS,20190226,12.15,12.7,11.9,12.55,7760
SHAKTIPUMP,20190226,378.95,378.95,365.0,372.3,51572
SHALBY,20190226,134.0,134.15,131.9,132.6,10172
SHALPAINTS,20190226,65.55,69.7,62.8,67.05,233287
SHANKARA,20190226,434.0,442.9,425.75,431.4,54543
SHANTIGEAR,20190226,116.35,120.0,114.75,119.55,5385
SHARDACROP,20190226,357.05,365.0,346.0,355.1,5938
SHARDAMOTR,20190226,1395.0,1564.0,1394.8,1532.55,26258
SHARIABEES,20190226,244.0,244.22,244.0,244.22,15
SHARONBIO,20190226,3.45,3.55,3.35,3.55,11997
SHEMAROO,20190226,361.95,367.0,356.0,365.3,3877
SHILPAMED,20190226,352.0,362.65,350.0,352.75,30293
SHILPI,20190226,1.4,1.45,1.35,1.45,3468
SHIRPUR-G,20190226,40.6,42.55,40.0,42.25,11322
SHIVAMAUTO,20190226,30.7,30.9,29.2,29.95,68137
SHIVAMILLS,20190226,48.0,51.95,45.75,47.55,1772
SHIVATEX,20190226,140.5,144.0,136.85,140.95,6567
SHK,20190226,145.05,146.9,140.25,144.95,52592
SHOPERSTOP,20190226,485.05,489.45,475.1,481.3,11977
SHREECEM,20190226,16311.2,16926.7,16311.2,16594.15,33129
SHREEPUSHK,20190226,127.05,127.8,122.0,122.7,30250
SHREERAMA,20190226,5.25,5.25,5.05,5.25,6312
SHREYANIND,20190226,129.95,129.95,123.7,124.9,17253
SHREYAS,20190226,197.45,197.45,192.05,195.4,2775
SHRIPISTON,20190226,1012.0,1051.0,964.05,1039.0,643
SHRIRAMCIT,20190226,1620.95,1620.95,1581.2,1616.25,2923
SHRIRAMEPC,20190226,7.5,8.15,7.5,7.9,57842
SHYAMCENT,20190226,5.25,5.8,5.2,5.4,18686
SHYAMTEL,20190226,7.25,7.25,7.25,7.25,5
SICAGEN,20190226,21.75,21.75,19.5,19.9,41956
SICAL,20190226,124.05,126.0,122.0,122.55,12338
SIEMENS,20190226,979.1,992.0,965.4,987.25,295070
SIGIND,20190226,39.45,39.8,37.85,38.15,17685
SIL,20190226,14.0,14.0,13.45,14.0,4045
SILINV,20190226,175.05,185.0,175.05,181.55,1869
SIMBHALS,20190226,9.6,10.45,8.65,10.25,43622
SIMPLEXINF,20190226,146.0,149.0,141.9,147.0,34513
SINTEX,20190226,8.5,8.5,8.1,8.3,1341795
SIS,20190226,765.05,770.25,743.55,756.4,44085
SITASHREE,20190226,0.7,0.7,0.65,0.65,1985
SITINET,20190226,3.2,3.4,3.1,3.4,12470841
SIYSIL,20190226,330.05,331.6,320.0,322.75,8018
SJVN,20190226,23.9,24.2,23.45,23.7,1787055
SKFINDIA,20190226,1981.5,1993.9,1950.0,1964.2,5933
SKIL,20190226,8.55,9.35,8.55,9.35,53299
SKIPPER,20190226,63.0,63.2,60.2,61.55,10379
SKMEGGPROD,20190226,48.65,49.7,48.6,49.0,16605
SMARTLINK,20190226,78.35,79.05,77.0,78.7,3065
SMLISUZU,20190226,551.0,560.95,551.0,555.2,3084
SMPL,20190226,0.4,0.45,0.35,0.35,10335
SMSLIFE,20190226,535.0,551.85,535.0,540.6,6587
SMSPHARMA,20190226,64.65,67.9,64.1,66.85,108474
SNOWMAN,20190226,30.15,30.15,29.3,29.8,109491
SOBHA,20190226,437.0,437.0,426.2,429.85,174095
SOLARA,20190226,375.1,376.45,363.05,370.35,104985
SOLARINDS,20190226,948.7,959.9,931.0,944.05,2781
SOMANYCERA,20190226,326.0,328.85,318.0,325.05,56213
SOMATEX,20190226,3.9,3.9,3.9,3.9,450
SOMICONVEY,20190226,24.4,24.4,21.3,22.5,1504
SONATSOFTW,20190226,339.0,346.5,334.85,343.0,492876
SORILINFRA,20190226,249.0,266.5,242.1,265.85,107898
SOTL,20190226,981.05,1002.0,980.0,996.35,638
SOUTHBANK,20190226,13.35,13.45,13.05,13.3,9035689
SPAL,20190226,254.75,255.2,247.0,254.8,12513
SPARC,20190226,171.55,173.7,165.7,170.45,483619
SPCENET,20190226,0.85,0.95,0.85,0.85,5154
SPECIALITY,20190226,89.95,89.95,86.05,88.0,29368
SPENCERS,20190226,146.5,147.1,139.0,142.65,295291
SPENTEX,20190226,1.05,1.1,1.0,1.1,532
SPIC,20190226,24.0,24.0,23.05,23.6,98784
SPICEMOBI,20190226,9.0,9.0,8.45,8.8,14316
SPLIL,20190226,46.0,46.0,44.45,45.2,61224
SPMLINFRA,20190226,30.55,30.55,28.65,29.9,15454
SPTL,20190226,18.7,18.7,17.9,18.25,845924
SPYL,20190226,0.3,0.3,0.2,0.3,40622
SQSBFSI,20190226,496.0,504.95,485.15,501.45,24599
SREEL,20190226,211.05,217.7,204.65,214.3,8992
SREINFRA,20190226,26.9,27.7,26.4,27.05,2972107
SRF,20190226,2225.0,2231.5,2205.25,2218.55,314319
SRHHYPOLTD,20190226,140.9,142.9,136.0,141.45,8389
SRIPIPES,20190226,182.1,184.0,176.0,180.15,42266
SRSLTD,20190226,0.3,0.3,0.25,0.3,65177
SRTRANSFIN,20190226,1090.0,1141.55,1080.3,1129.7,1472771
SSWL,20190226,841.05,873.9,840.1,862.85,4342
STAMPEDE,20190226,1.4,1.4,1.4,1.4,72958
STAR,20190226,412.0,421.1,405.25,416.55,1269643
STARCEMENT,20190226,96.0,97.7,94.8,95.95,12729
STARPAPER,20190226,106.0,107.25,103.05,105.1,61777
STCINDIA,20190226,110.1,112.4,108.55,110.5,81960
STEELXIND,20190226,14.8,15.45,13.55,14.9,36237
STEL,20190226,83.35,88.5,83.3,86.95,11322
STERTOOLS,20190226,279.5,279.5,269.5,271.75,3675
STINDIA,20190226,8.5,8.5,8.5,8.5,500
STRTECH,20190226,242.95,246.0,237.1,242.5,1058591
SUBEX,20190226,5.55,5.55,5.4,5.5,355147
SUBROS,20190226,243.05,245.65,237.95,242.15,24689
SUDARSCHEM,20190226,319.2,321.95,310.9,316.75,11341
SUJANAUNI,20190226,0.25,0.3,0.25,0.3,36886
SUMEETINDS,20190226,3.8,3.95,3.55,3.9,161948
SUMMITSEC,20190226,490.6,501.9,489.0,494.6,1939
SUNCLAYLTD,20190226,2619.45,2739.85,2345.7,2712.0,4449
SUNDARAM,20190226,1.95,2.0,1.8,1.9,369086
SUNDARMFIN,20190226,1499.9,1588.95,1465.3,1561.75,100219
SUNDARMHLD,20190226,86.0,96.3,84.0,91.45,59882
SUNDRMBRAK,20190226,298.05,307.0,297.55,303.7,408
SUNDRMFAST,20190226,507.9,512.5,500.0,510.0,46799
SUNFLAG,20190226,45.15,47.6,44.5,46.45,144116
SUNILHITEC,20190226,1.25,1.25,1.2,1.2,337243
SUNPHARMA,20190226,430.5,440.0,422.85,435.75,5255113
SUNTECK,20190226,330.9,330.9,319.8,326.25,125632
SUNTV,20190226,584.0,615.9,571.1,605.2,4706171
SUPERHOUSE,20190226,114.55,117.45,113.0,113.7,2854
SUPERSPIN,20190226,6.15,6.2,6.0,6.2,5000
SUPPETRO,20190226,206.85,207.95,204.55,205.35,2853
SUPRAJIT,20190226,200.0,200.05,193.1,195.25,13797
SUPREMEIND,20190226,1073.0,1140.0,1041.0,1110.4,165436
SUPREMEINF,20190226,22.6,22.6,21.5,22.0,26513
SURANASOL,20190226,8.1,8.4,7.35,7.65,11702
SURANAT&P,20190226,4.2,4.45,4.0,4.2,48134
SURYALAXMI,20190226,29.1,29.6,28.5,29.35,1873
SURYAROSNI,20190226,226.8,228.1,215.4,225.5,103622
SUTLEJTEX,20190226,39.65,40.9,39.6,39.85,1494
SUVEN,20190226,231.4,241.95,228.05,238.05,477118
SUZLON,20190226,5.35,5.65,5.2,5.35,73337677
SWANENERGY,20190226,116.65,134.2,111.55,129.75,1529358
SWARAJENG,20190226,1324.0,1330.0,1290.0,1297.05,1936
SWELECTES,20190226,218.0,220.95,202.0,217.6,5606
SYMPHONY,20190226,1205.65,1284.75,1195.85,1269.75,77630
SYNCOM,20190226,1.75,1.75,1.65,1.75,27249
SYNDIBANK,20190226,33.0,33.05,31.65,32.65,3275814
SYNGENE,20190226,586.25,597.0,579.65,583.2,33991
TAINWALCHM,20190226,59.0,61.7,57.05,58.05,142
TAJGVK,20190226,178.0,180.5,175.15,179.9,15205
TAKE,20190226,130.0,137.5,122.95,130.65,1771107
TALBROAUTO,20190226,199.0,203.95,190.2,200.0,6775
TALWALKARS,20190226,41.0,42.75,39.4,41.9,144588
TALWGYM,20190226,106.75,108.8,104.0,107.1,25572
TANLA,20190226,36.9,38.5,35.4,37.8,318017
TANTIACONS,20190226,3.7,3.7,3.55,3.55,725
TARAJEWELS,20190226,0.65,0.65,0.65,0.65,8079
TARMAT,20190226,33.55,34.45,32.65,33.35,22469
TASTYBITE,20190226,7680.5,7870.05,7680.5,7816.95,1017
TATACHEM,20190226,563.0,566.45,556.0,558.05,831737
TATACOFFEE,20190226,85.25,85.25,82.15,84.0,198626
TATACOMM,20190226,547.2,576.45,540.2,571.6,959054
TATAELXSI,20190226,903.5,903.55,874.15,882.15,571939
TATAGLOBAL,20190226,189.75,192.25,185.35,191.65,1271388
TATAINVEST,20190226,832.95,834.0,818.05,824.5,13656
TATAMETALI,20190226,597.85,607.0,581.05,591.35,65394
TATAMOTORS,20190226,173.0,183.45,172.5,182.65,31859427
TATAMTRDVR,20190226,87.0,91.6,87.0,90.85,5068764
TATAPOWER,20190226,66.3,67.15,64.05,66.15,10552247
TATASPONGE,20190226,718.0,742.95,704.0,716.4,341400
TATASTEEL,20190226,498.0,508.6,491.7,503.6,9856299
TATASTLBSL,20190226,27.45,27.45,26.6,27.05,307045
TBZ,20190226,56.9,57.0,54.5,55.8,53276
TCI,20190226,280.9,281.0,276.0,280.4,14964
TCIDEVELOP,20190226,372.4,410.7,346.1,373.6,1223
TCIEXP,20190226,634.0,645.0,620.2,634.8,8564
TCIFINANCE,20190226,14.85,15.5,14.15,15.0,11918
TCNSBRANDS,20190226,799.0,821.4,750.0,813.2,32413
TCPLPACK,20190226,365.8,368.8,352.05,365.05,577
TCS,20190226,1984.0,2045.15,1972.25,2038.7,6453309
TDPOWERSYS,20190226,126.7,128.0,123.6,126.8,10027
TEAMLEASE,20190226,3090.0,3128.0,2997.95,3098.25,31944
TECHM,20190226,825.0,838.4,820.6,833.3,3319590
TECHNOE,20190226,253.0,260.5,247.0,249.8,19997
TECHNOFAB,20190226,84.5,86.5,83.0,85.85,6632
TEJASNET,20190226,157.8,159.7,151.0,157.45,218281
TERASOFT,20190226,37.55,38.0,35.8,37.9,12187
TEXINFRA,20190226,54.05,54.8,52.7,52.9,4786
TEXMOPIPES,20190226,19.1,19.5,18.6,19.05,96429
TEXRAIL,20190226,56.1,59.65,56.1,58.75,296508
TFCILTD,20190226,144.8,144.95,141.65,144.1,56417
TFL,20190226,4.5,4.5,4.5,4.5,1
TGBHOTELS,20190226,13.0,13.2,12.4,12.9,10039
THANGAMAYL,20190226,325.05,329.95,314.0,328.05,1014
THEINVEST,20190226,151.0,155.95,141.4,144.5,9245
THEMISMED,20190226,292.0,305.0,285.1,292.45,5452
THERMAX,20190226,969.0,1029.0,968.9,981.2,176240
THIRUSUGAR,20190226,17.8,19.05,17.8,17.95,11838
THOMASCOOK,20190226,210.6,213.0,208.0,212.65,100917
THYROCARE,20190226,541.0,541.0,531.3,535.25,23129
TI,20190226,14.5,14.7,14.15,14.5,30535
TIDEWATER,20190226,4911.8,4934.9,4852.0,4899.45,479
TIFIN,20190226,438.15,455.0,436.2,448.7,125582
TIIL,20190226,531.5,538.25,525.0,529.3,709
TIINDIA,20190226,352.05,365.0,350.0,364.85,44292
TIJARIA,20190226,14.3,15.1,13.7,13.8,98431
TIL,20190226,240.05,240.05,232.0,234.6,2606
TIMESGTY,20190226,28.6,30.95,26.05,29.9,402
TIMETECHNO,20190226,87.0,88.5,85.55,86.6,100663
TIMKEN,20190226,551.5,578.0,540.05,567.85,40812
TINPLATE,20190226,136.5,139.4,133.7,136.35,329537
TIPSINDLTD,20190226,60.0,61.6,59.35,61.55,588
TIRUMALCHM,20190226,75.95,76.75,73.1,74.55,251511
TITAN,20190226,1039.0,1041.9,1016.05,1038.35,1906268
TMRVL,20190226,30.7,30.8,28.2,28.75,17472
TNPETRO,20190226,32.55,32.55,31.4,32.1,79068
TNPL,20190226,188.1,190.3,186.65,187.4,93656
TNTELE,20190226,1.3,1.3,1.3,1.3,6
TOKYOPLAST,20190226,48.9,49.65,48.75,49.55,8297
TORNTPHARM,20190226,1812.0,1833.9,1765.3,1812.15,235898
TORNTPOWER,20190226,237.0,246.7,237.0,244.7,3590167
TPLPLASTEH,20190226,128.0,128.0,121.5,123.35,3983
TREEHOUSE,20190226,4.25,4.5,4.1,4.3,13903
TREJHARA,20190226,26.65,29.25,26.65,29.25,3017
TRENT,20190226,325.0,328.4,320.1,323.4,350277
TRF,20190226,100.1,102.25,100.05,101.15,10545
TRIDENT,20190226,60.0,60.75,59.4,60.25,410772
TRIGYN,20190226,70.0,70.05,66.5,69.15,21437
TRIL,20190226,11.0,12.3,10.7,10.95,45545
TRITURBINE,20190226,103.0,103.3,100.2,101.35,11158
TRIVENI,20190226,54.0,55.25,52.85,54.25,1427771
TTKHLTCARE,20190226,640.15,660.05,630.0,655.2,2368
TTKPRESTIG,20190226,7812.0,7852.4,7675.1,7747.3,9008
TTL,20190226,51.35,51.4,49.65,50.0,1586
TTML,20190226,3.35,3.35,3.0,3.1,941264
TV18BRDCST,20190226,33.0,33.75,32.05,33.4,3246102
TVSELECT,20190226,180.5,181.9,173.0,176.05,113702
TVSMOTOR,20190226,460.5,461.5,448.3,456.1,1555842
TVSSRICHAK,20190226,2250.0,2250.0,2216.0,2232.1,3187
TVTODAY,20190226,317.8,321.5,309.2,320.05,41349
TVVISION,20190226,3.15,3.15,3.05,3.15,16778
TWL,20190226,61.8,68.45,61.1,65.75,518393
UBL,20190226,1349.2,1353.65,1323.0,1333.6,386196
UCALFUEL,20190226,155.95,157.0,150.95,156.0,6928
UCOBANK,20190226,18.85,18.85,18.0,18.35,487755
UFLEX,20190226,203.45,203.45,194.05,197.55,116886
UFO,20190226,225.0,228.15,220.0,224.4,6598
UGARSUGAR,20190226,15.95,16.35,15.2,15.7,329157
UJAAS,20190226,7.05,7.5,6.7,7.2,267033
UJJIVAN,20190226,275.0,281.75,269.2,276.95,930319
ULTRACEMCO,20190226,3690.0,3816.0,3676.05,3788.55,700811
UMANGDAIRY,20190226,48.2,48.55,46.5,48.25,5975
UMESLTD,20190226,1.55,1.55,1.5,1.5,2
UNICHEMLAB,20190226,193.0,193.35,189.05,193.0,78183
UNIENTER,20190226,98.0,99.7,95.05,97.85,4596
UNIONBANK,20190226,69.6,70.55,67.7,69.7,9610206
UNIPLY,20190226,44.0,44.0,42.0,42.3,147142
UNITECH,20190226,1.3,1.4,1.3,1.4,8435535
UNITEDBNK,20190226,10.3,10.5,10.05,10.35,288286
UNITEDTEA,20190226,310.0,323.0,310.0,316.05,625
UNIVCABLES,20190226,211.0,216.0,203.7,208.15,97699
UPL,20190226,842.25,857.75,837.55,855.05,2500705
URJA,20190226,2.85,2.9,2.75,2.85,1289297
USHAMART,20190226,33.0,34.95,32.35,34.2,629627
USHERAGRO,20190226,1.9,1.9,1.8,1.85,3215
UTINEXT50,20190226,267.0,270.0,262.0,264.5,290
UTINIFTETF,20190226,1136.7,1138.55,1131.0,1131.0,47067
UTISENSETF,20190226,385.0,385.0,376.0,378.5,192
UTTAMSTL,20190226,10.4,10.4,10.05,10.35,66680
UTTAMSUGAR,20190226,127.0,140.0,125.0,133.65,730807
UVSL,20190226,0.1,0.15,0.1,0.1,5444067
V2RETAIL,20190226,259.9,259.9,252.4,255.75,13124
VADILALIND,20190226,501.0,518.8,491.0,509.45,20324
VAIBHAVGBL,20190226,625.2,640.0,617.0,620.75,34065
VAKRANGEE,20190226,40.95,41.7,39.5,40.85,6541092
VARDHACRLC,20190226,39.0,39.7,37.95,39.0,12105
VARDMNPOLY,20190226,9.7,9.9,9.65,9.75,4598
VARROC,20190226,600.0,615.0,595.0,605.3,11024
VASCONEQ,20190226,14.8,14.85,14.25,14.5,445029
VASWANI,20190226,8.45,8.9,8.4,8.75,14253
VBL,20190226,788.0,803.05,777.7,800.15,62178
VEDL,20190226,168.7,171.25,164.0,169.7,13247683
VENKEYS,20190226,2049.4,2072.0,2010.0,2039.6,65375
VENUSREM,20190226,30.5,31.0,29.9,30.6,8685
VESUVIUS,20190226,1120.05,1163.0,1108.0,1138.25,943
VETO,20190226,72.0,79.8,69.0,78.6,156945
VGUARD,20190226,189.95,195.95,187.65,195.0,736455
VHL,20190226,1900.0,1912.3,1855.0,1884.8,287
VICEROY,20190226,2.6,2.6,2.6,2.6,5909
VIDEOIND,20190226,2.65,2.7,2.65,2.7,50860
VIDHIING,20190226,70.05,70.05,66.05,68.7,124308
VIJAYABANK,20190226,41.25,41.25,39.65,40.65,741635
VIJIFIN,20190226,0.75,0.75,0.7,0.75,165538
VIJSHAN,20190226,6.3,6.3,6.15,6.15,2295
VIKASECO,20190226,10.25,10.25,9.5,9.95,707470
VIMALOIL,20190226,8.35,8.35,8.35,8.35,18
VIMTALABS,20190226,195.0,195.0,186.4,186.95,109738
VINATIORGA,20190226,1538.0,1550.0,1513.1,1532.35,22262
VINDHYATEL,20190226,1474.0,1488.0,1433.0,1452.75,6561
VINYLINDIA,20190226,67.05,67.65,64.0,66.95,7438
VIPCLOTHNG,20190226,22.15,22.55,20.55,22.05,82972
VIPIND,20190226,419.6,419.6,407.0,408.4,749484
VIPULLTD,20190226,35.1,36.9,35.1,36.65,4809
VISAKAIND,20190226,380.0,384.8,372.15,375.95,16199
VISASTEEL,20190226,6.75,7.0,6.5,6.75,6477
VISESHINFO,20190226,0.05,0.1,0.05,0.1,835018
VISHNU,20190226,133.0,134.0,127.95,132.8,2343
VIVIDHA,20190226,0.55,0.6,0.55,0.55,245070
VIVIMEDLAB,20190226,22.6,22.85,21.5,21.85,188055
VLSFINANCE,20190226,48.7,49.5,47.0,48.8,22969
VMART,20190226,2609.0,2623.4,2530.1,2546.95,22279
VOLTAMP,20190226,1020.0,1030.0,1010.0,1029.35,1381
VOLTAS,20190226,529.9,539.0,525.0,537.45,1199389
VRLLOG,20190226,240.05,248.7,240.05,242.6,129720
VSSL,20190226,97.05,105.5,96.1,101.55,12223
VSTIND,20190226,3190.0,3236.0,3131.3,3209.55,4324
VSTTILLERS,20190226,1450.0,1450.0,1408.1,1416.5,1769
VTL,20190226,980.05,983.45,968.1,973.8,4501
WABAG,20190226,281.7,289.9,280.0,286.25,82879
WABCOINDIA,20190226,6099.9,6630.0,6030.3,6506.6,44306
WALCHANNAG,20190226,77.0,79.15,76.4,78.35,119112
WANBURY,20190226,17.95,18.0,17.1,17.1,1434
WEBELSOLAR,20190226,25.5,25.85,25.3,25.45,44161
WEIZFOREX,20190226,513.25,519.0,513.2,516.95,18026
WEIZMANIND,20190226,39.3,41.6,39.3,40.95,484
WELCORP,20190226,108.05,111.75,106.65,109.95,428910
WELENT,20190226,98.4,99.0,93.6,97.3,157039
WELINV,20190226,136.6,165.0,132.0,143.45,853
WELSPUNIND,20190226,51.0,51.5,49.4,50.65,462399
WENDT,20190226,2834.0,2899.0,2830.0,2867.0,134
WHEELS,20190226,778.9,780.0,767.0,771.5,469
WHIRLPOOL,20190226,1335.0,1350.0,1328.0,1339.65,47138
WILLAMAGOR,20190226,49.7,49.7,46.25,48.85,778
WINDMACHIN,20190226,63.0,63.25,61.05,62.7,124851
WINSOME,20190226,0.85,0.95,0.85,0.95,2622
WIPL,20190226,91.05,99.0,90.5,99.0,1240
WIPRO,20190226,384.5,388.95,381.25,387.65,3802537
WOCKPHARMA,20190226,393.0,394.75,383.0,391.7,1798575
WONDERLA,20190226,274.85,277.0,272.0,275.1,9717
WSTCSTPAPR,20190226,230.0,238.05,228.9,233.35,61666
XCHANGING,20190226,44.3,44.3,42.15,43.75,1961
XELPMOC,20190226,69.95,73.35,69.9,73.35,20095
XLENERGY,20190226,0.7,0.7,0.7,0.7,298
XPROINDIA,20190226,33.5,33.95,30.55,33.9,832
YESBANK,20190226,223.2,234.45,220.1,229.5,84298892
ZEEL,20190226,441.0,488.0,440.0,469.2,16046457
ZEELEARN,20190226,29.15,30.0,27.75,28.6,358354
ZEEMEDIA,20190226,16.0,17.0,15.45,16.95,5277917
ZENITHBIR,20190226,0.7,0.7,0.6,0.65,30590
ZENITHEXPO,20190226,41.05,43.9,40.4,40.9,620
ZENSARTECH,20190226,205.2,208.45,201.35,207.0,54004
ZENTEC,20190226,70.05,70.5,68.45,68.9,29073
ZICOM,20190226,4.15,4.35,3.9,4.3,28060
ZODIACLOTH,20190226,165.0,165.0,152.0,152.6,5096
ZODJRDMKJ,20190226,37.3,38.0,34.9,34.95,1545
ZUARI,20190226,182.0,182.0,173.95,178.75,19729
ZUARIGLOB,20190226,101.15,101.85,98.0,100.2,23537
ZYDUSWELL,20190226,1251.05,1259.15,1240.0,1250.4,13172
