SYMBOL,TIMESTAMP,OPEN,HIGH,LOW,CLOSE,VOLUME
20MICRONS,20200303,31.2,32.25,30.85,31.1,13324
21STCENMGM,20200303,11.9,12.3,11.9,12.3,64
3IINFOTECH,20200303,1.95,1.95,1.8,1.95,1984345
3MINDIA,20200303,20470.0,20995.0,20312.0,20632.95,7108
3PLAND,20200303,4.5,4.5,4.5,4.5,110
5PAISA,20200303,165.0,165.0,157.1,158.35,9134
63MOONS,20200303,88.45,91.25,88.0,90.4,67249
A2ZINFRA,20200303,4.6,4.6,3.55,4.0,1078630
AARTIDRUGS,20200303,680.0,687.0,641.1,651.0,73215
AARTIIND,20200303,995.0,995.0,966.3,983.45,225422
AARVEEDEN,20200303,11.6,12.6,11.6,12.55,3543
AAVAS,20200303,1858.3,1945.0,1858.3,1918.2,31876
ABAN,20200303,21.95,21.95,19.9,20.1,54743
ABB,20200303,1199.0,1204.85,1154.0,1161.0,45482
ABBOTINDIA,20200303,15407.0,15780.0,15301.0,15427.65,18862
ABCAPITAL,20200303,77.25,78.85,76.8,77.85,1304622
ABFRL,20200303,243.9,260.0,239.0,254.25,1112115
ABSLBANETF,20200303,290.0,290.0,286.58,289.87,4
ABSLNN50ET,20200303,272.42,272.42,271.67,271.67,10
ACC,20200303,1288.0,1342.0,1288.0,1335.25,701334
ACCELYA,20200303,1039.05,1055.0,1016.1,1045.3,2577
ACE,20200303,69.0,70.0,67.8,68.2,63356
ADANIENT,20200303,221.0,228.65,219.25,225.75,2992170
ADANIGAS,20200303,136.1,139.0,130.8,134.25,3640772
ADANIGREEN,20200303,162.9,163.0,157.0,159.5,534459
ADANIPORTS,20200303,344.0,349.05,342.0,347.3,3671071
ADANIPOWER,20200303,48.05,49.65,47.75,48.9,7774434
ADANITRANS,20200303,262.5,262.5,252.8,256.4,191427
ADFFOODS,20200303,264.0,264.0,252.95,257.3,62645
ADHUNIKIND,20200303,31.05,32.4,30.75,31.35,8921
ADLABS,20200303,3.8,3.85,3.6,3.65,53554
ADORWELD,20200303,297.05,301.95,294.7,295.75,1616
ADROITINFO,20200303,6.3,6.3,6.3,6.3,1001
ADSL,20200303,19.45,19.45,17.8,17.95,19786
ADVANIHOTR,20200303,52.1,52.55,51.35,51.6,6671
ADVENZYMES,20200303,148.2,153.8,148.2,152.85,52968
AEGISCHEM,20200303,217.0,222.3,207.05,214.95,302441
AFFLE,20200303,1858.0,1899.0,1781.2,1817.15,133522
AGARIND,20200303,70.85,75.75,70.2,74.35,2246
AGCNET,20200303,415.0,422.95,390.95,390.95,17393
AGRITECH,20200303,40.15,40.45,37.25,38.5,9870
AGROPHOS,20200303,13.5,13.9,13.25,13.35,65229
AHLEAST,20200303,222.0,222.0,183.05,186.45,1954
AHLUCONT,20200303,346.85,357.0,333.15,337.55,281308
AHLWEST,20200303,319.95,319.95,299.9,310.55,5524
AIAENG,20200303,1737.05,1850.0,1731.0,1790.8,91970
AIONJSW,20200303,12.5,13.2,12.5,12.95,74024
AIRAN,20200303,12.15,12.5,11.85,12.0,10718
AJANTPHARM,20200303,1420.0,1531.0,1395.3,1477.5,189534
AJMERA,20200303,97.4,99.3,95.55,96.3,18744
AKASH,20200303,96.0,100.0,95.9,95.9,221
AKSHARCHEM,20200303,270.0,275.0,251.4,256.45,9234
AKSHOPTFBR,20200303,5.75,5.85,5.55,5.55,163700
AKZOINDIA,20200303,2405.0,2458.95,2355.0,2402.0,21149
ALANKIT,20200303,15.05,15.4,14.15,14.45,166491
ALBERTDAVD,20200303,404.6,416.7,398.1,411.35,9250
ALBK,20200303,11.35,11.55,11.2,11.45,1057058
ALCHEM,20200303,0.75,0.8,0.7,0.8,5872
ALEMBICLTD,20200303,47.45,48.4,46.8,47.95,122074
ALICON,20200303,291.8,299.6,281.0,289.6,2448
ALKALI,20200303,44.0,44.6,42.2,43.25,5398
ALKEM,20200303,2629.0,2670.0,2610.0,2642.35,55170
ALKYLAMINE,20200303,1530.0,1550.0,1475.65,1525.95,44761
ALLCARGO,20200303,109.0,111.9,107.8,109.9,205304
ALLSEC,20200303,255.2,259.9,251.0,256.25,1335
ALMONDZ,20200303,16.5,16.7,16.25,16.7,887
ALOKINDS,20200303,11.35,11.35,11.35,11.35,187926
ALPA,20200303,16.5,16.9,15.65,15.85,5069
ALPHAGEO,20200303,185.0,202.7,185.0,196.2,42194
ALPSINDUS,20200303,0.8,0.8,0.8,0.8,150
AMARAJABAT,20200303,627.5,648.9,623.7,644.75,827545
AMBER,20200303,1380.0,1430.0,1375.15,1418.85,32195
AMBIKCO,20200303,771.7,800.95,753.8,790.2,5493
AMBUJACEM,20200303,203.9,212.2,203.65,211.15,4549626
AMDIND,20200303,14.2,15.9,14.2,15.0,1294
AMJLAND,20200303,18.45,19.3,18.45,19.0,1704
AMRUTANJAN,20200303,464.7,495.0,464.7,470.5,146393
ANANTRAJ,20200303,28.2,29.6,26.85,28.0,167174
ANDHRABANK,20200303,13.5,13.65,13.0,13.15,609611
ANDHRACEMT,20200303,1.85,2.0,1.85,1.85,33623
ANDHRSUGAR,20200303,252.8,258.0,251.25,254.05,19979
ANDPAPER,20200303,250.0,255.1,235.05,240.1,8104
ANIKINDS,20200303,7.1,7.7,7.1,7.35,1388
ANKITMETAL,20200303,0.4,0.5,0.4,0.5,36719
ANSALAPI,20200303,5.55,5.9,5.45,5.75,78057
ANSALHSG,20200303,4.35,4.35,4.15,4.25,8943
ANTGRAPHIC,20200303,0.6,0.65,0.6,0.65,32166
ANUP,20200303,505.8,535.0,504.95,527.3,12579
APARINDS,20200303,380.0,380.5,375.0,380.1,16824
APCL,20200303,144.4,144.4,135.3,137.25,1665
APCOTEXIND,20200303,106.55,108.0,103.65,104.45,26367
APEX,20200303,270.0,274.05,254.25,262.15,228635
APLAPOLLO,20200303,1821.1,1930.0,1819.85,1907.5,70258
APLLTD,20200303,656.1,676.9,640.0,661.2,191933
APOLLO,20200303,71.2,73.6,69.45,70.8,41415
APOLLOHOSP,20200303,1738.9,1753.2,1695.0,1725.7,672514
APOLLOPIPE,20200303,440.0,440.0,410.25,413.6,6809
APOLLOTYRE,20200303,138.0,142.9,136.55,141.75,4006039
APOLSINHOT,20200303,530.0,530.0,505.15,509.55,1079
APTECHT,20200303,117.1,119.25,113.75,116.85,96801
ARCHIDPLY,20200303,20.0,21.45,19.7,20.8,4760
ARCHIES,20200303,13.3,13.9,13.15,13.5,23563
ARCOTECH,20200303,1.25,1.25,1.2,1.2,12988
ARENTERP,20200303,17.95,18.8,17.1,17.95,25661
ARIES,20200303,53.85,55.0,53.4,54.65,6126
ARIHANT,20200303,18.5,18.5,18.5,18.5,55
ARIHANTSUP,20200303,24.95,24.95,24.95,24.95,100
ARMANFIN,20200303,964.95,964.95,901.0,914.6,20513
AROGRANITE,20200303,29.0,31.0,28.25,28.95,3785
ARROWGREEN,20200303,37.0,39.0,37.0,37.55,5062
ARSHIYA,20200303,14.05,15.85,13.85,14.0,141341
ARSSINFRA,20200303,13.25,16.0,13.25,15.25,33169
ARTEMISMED,20200303,220.0,220.0,200.05,208.65,1428
ARVIND,20200303,38.6,39.0,37.6,37.9,541278
ARVINDFASN,20200303,358.75,358.75,349.0,354.3,11130
ARVSMART,20200303,86.0,86.0,82.7,84.85,26191
ASAHIINDIA,20200303,236.95,245.0,229.15,243.0,26991
ASAHISONG,20200303,132.05,133.8,125.5,130.45,7531
ASAL,20200303,18.65,18.75,17.6,18.25,11537
ASALCBR,20200303,215.1,229.95,199.8,204.9,23245
ASHAPURMIN,20200303,33.8,34.35,31.55,33.5,81980
ASHIANA,20200303,101.85,101.85,97.05,97.9,70249
ASHIMASYN,20200303,5.65,5.85,5.15,5.35,23053
ASHOKA,20200303,88.2,89.7,85.5,87.8,161707
ASHOKLEY,20200303,74.1,77.0,72.65,75.45,23998122
ASIANHOTNR,20200303,67.55,74.95,67.25,72.95,108294
ASIANPAINT,20200303,1780.05,1818.0,1767.0,1800.55,1392463
ASIANTILES,20200303,250.0,254.0,241.0,246.85,64264
ASPINWALL,20200303,125.05,134.9,107.95,121.0,4967
ASTEC,20200303,473.4,481.4,469.95,479.6,25468
ASTERDM,20200303,166.8,166.8,161.55,164.85,54429
ASTRAL,20200303,1150.5,1170.0,1123.6,1147.4,34750
ASTRAMICRO,20200303,87.85,90.0,85.5,88.45,203099
ASTRAZEN,20200303,2674.8,2713.4,2606.0,2659.65,19440
ASTRON,20200303,34.6,37.2,34.6,36.5,18884
ATFL,20200303,648.6,650.2,610.35,631.55,8119
ATLANTA,20200303,4.65,4.85,4.55,4.6,12244
ATLASCYCLE,20200303,42.05,44.55,41.7,41.7,2910
ATUL,20200303,5249.0,5445.0,5202.25,5358.75,64489
ATULAUTO,20200303,218.1,221.95,210.7,214.25,18340
AUBANK,20200303,1161.95,1190.0,1150.0,1174.2,505336
AURIONPRO,20200303,41.85,41.85,40.05,41.0,24777
AUROPHARMA,20200303,498.65,515.4,498.25,511.3,3012316
AUSOMENT,20200303,35.15,38.25,35.15,38.25,419
AUTOAXLES,20200303,691.65,693.5,656.15,661.95,6303
AUTOIND,20200303,18.5,18.5,17.55,18.15,3802
AUTOLITIND,20200303,17.7,19.6,17.7,18.85,6816
AVADHSUGAR,20200303,208.1,217.5,200.25,210.85,127289
AVANTIFEED,20200303,442.8,450.0,415.65,443.95,1006590
AVTNPL,20200303,35.0,36.0,34.2,35.7,154521
AXISBANK,20200303,689.9,695.8,675.0,687.15,11198145
AXISCADES,20200303,52.45,52.45,48.0,48.9,23087
AXISGOLD,20200303,3700.0,3701.5,3664.25,3693.45,708
AXISNIFTY,20200303,1169.0,1174.3,1156.34,1174.3,227
AYMSYNTEX,20200303,29.0,32.8,28.2,30.85,17710
BAFNAPH,20200303,4.8,4.8,4.8,4.8,572
BAGFILMS,20200303,1.5,1.55,1.45,1.45,52353
BAJAJ-AUTO,20200303,2700.0,2730.0,2653.0,2692.25,1459848
BAJAJCON,20200303,185.0,190.0,181.0,182.9,141426
BAJAJELEC,20200303,413.1,425.9,405.55,414.55,137047
BAJAJFINSV,20200303,9000.0,9116.65,8680.0,8963.65,550729
BAJAJHIND,20200303,4.95,5.0,4.35,4.5,3224699
BAJAJHLDNG,20200303,3410.8,3437.9,3350.0,3368.3,17842
BAJFINANCE,20200303,4400.0,4474.95,4320.05,4454.1,2023503
BALAJITELE,20200303,49.0,50.6,48.4,49.75,50337
BALAMINES,20200303,411.1,414.85,397.15,402.75,41156
BALAXI,20200303,116.9,116.9,96.25,108.0,708
BALKRISHNA,20200303,15.5,15.75,15.0,15.7,2697
BALKRISIND,20200303,1092.0,1152.0,1066.85,1116.6,1032435
BALLARPUR,20200303,0.45,0.5,0.4,0.5,1166624
BALMLAWRIE,20200303,102.3,103.5,100.0,101.95,72688
BALPHARMA,20200303,39.95,41.85,37.8,38.45,4945
BALRAMCHIN,20200303,146.95,147.5,141.15,142.85,688600
BANARBEADS,20200303,34.25,35.9,30.15,31.7,5463
BANARISUG,20200303,1284.0,1284.0,1168.0,1202.1,602
BANCOINDIA,20200303,83.1,84.65,81.5,82.95,36583
BANDHANBNK,20200303,398.0,410.7,395.2,400.8,4542669
BANG,20200303,16.65,17.6,16.15,17.25,5995
BANKBARODA,20200303,71.25,73.4,71.0,72.9,23348154
BANKBEES,20200303,300.3,304.0,293.23,298.27,609199
BANKINDIA,20200303,50.8,51.0,49.0,49.35,1622792
BANSWRAS,20200303,123.0,126.95,120.0,120.65,7574
BARTRONICS,20200303,0.9,0.9,0.9,0.9,100
BASF,20200303,1030.0,1058.1,1006.0,1015.25,110987
BASML,20200303,104.85,111.75,100.05,102.25,758
BATAINDIA,20200303,1636.0,1659.95,1595.15,1618.6,802303
BAYERCROP,20200303,4440.0,4440.0,4201.1,4366.45,120228
BBL,20200303,762.0,780.0,760.0,775.5,6958
BBTC,20200303,1108.1,1130.0,1085.0,1102.45,45630
BCG,20200303,4.7,4.75,4.5,4.55,591217
BCP,20200303,18.2,18.2,17.35,17.35,109981
BDL,20200303,267.1,274.25,261.0,267.05,178440
BEARDSELL,20200303,6.95,6.95,6.65,6.9,3611
BEDMUTHA,20200303,13.9,13.9,12.6,12.6,3426
BEL,20200303,73.4,75.15,72.25,74.5,19287777
BEML,20200303,723.75,732.15,692.0,697.45,351575
BEPL,20200303,41.3,41.3,38.9,39.25,228505
BERGEPAINT,20200303,556.9,563.0,539.15,541.65,1563205
BFINVEST,20200303,293.8,317.0,293.05,312.85,84002
BFUTILITIE,20200303,268.0,288.8,265.65,288.8,258083
BGLOBAL,20200303,1.25,1.25,1.2,1.2,13679
BGRENERGY,20200303,35.25,35.25,29.6,32.05,215557
BHAGERIA,20200303,126.5,129.0,118.4,124.5,23813
BHAGYANGR,20200303,18.05,19.5,17.4,18.25,1460
BHAGYAPROP,20200303,21.2,23.2,21.2,23.0,432
BHANDARI,20200303,1.0,1.05,0.95,0.95,88339
BHARATFORG,20200303,448.0,461.2,435.75,443.85,2683562
BHARATGEAR,20200303,39.0,39.45,37.05,37.2,9298
BHARATRAS,20200303,7105.0,7310.0,7105.0,7193.9,1860
BHARATWIRE,20200303,25.7,26.3,24.9,25.75,31092
BHARTIARTL,20200303,524.0,533.35,514.15,520.8,10368929
BHEL,20200303,30.0,31.35,29.85,31.0,20595361
BIGBLOC,20200303,33.05,33.05,33.05,33.05,100
BIL,20200303,139.85,139.85,125.6,131.1,1022
BILENERGY,20200303,0.65,0.65,0.65,0.65,198052
BINDALAGRO,20200303,10.05,10.7,9.9,9.95,19957
BIOCON,20200303,286.0,307.0,285.3,304.0,5949680
BIOFILCHEM,20200303,8.05,8.6,8.0,8.5,1132
BIRLACABLE,20200303,47.8,47.9,44.0,45.1,82590
BIRLACORPN,20200303,719.7,726.75,693.0,705.55,284136
BIRLAMONEY,20200303,32.85,34.9,32.8,33.05,49062
BIRLATYRE,20200303,5.95,5.95,5.85,5.85,4999
BKMINDST,20200303,0.4,0.45,0.4,0.45,67179
BLBLIMITED,20200303,4.2,4.3,3.8,4.25,55024
BLISSGVS,20200303,102.0,113.65,102.0,110.3,705233
BLKASHYAP,20200303,7.3,7.45,6.4,7.05,62144
BLS,20200303,60.65,60.65,58.6,59.35,32251
BLUEBLENDS,20200303,0.7,0.7,0.65,0.65,879
BLUEDART,20200303,2835.0,2998.0,2753.2,2949.95,7210
BLUESTARCO,20200303,815.1,824.75,792.0,801.05,199686
BODALCHEM,20200303,68.0,68.0,64.0,65.5,251090
BOMDYEING,20200303,71.4,73.9,70.55,72.8,3518611
BORORENEW,20200303,184.15,190.9,184.15,188.9,75154
BOSCHLTD,20200303,12620.0,13292.35,12620.0,13155.6,37746
BPCL,20200303,415.1,427.15,413.5,425.0,5707796
BPL,20200303,17.2,17.65,16.45,16.8,91765
BRFL,20200303,4.4,4.65,4.2,4.6,46417
BRIGADE,20200303,219.2,225.0,217.85,223.15,45657
BRITANNIA,20200303,2970.0,3045.5,2965.0,3026.5,399770
BRNL,20200303,53.25,55.85,51.4,51.55,2455
BROOKS,20200303,23.0,23.95,22.5,23.55,29072
BSE,20200303,458.9,461.2,452.25,455.55,120729
BSELINFRA,20200303,0.9,0.9,0.85,0.85,8391
BSL,20200303,28.05,29.0,26.5,28.2,3286
BSLGOLDETF,20200303,3923.0,3923.0,3831.1,3870.6,69
BSLNIFTY,20200303,123.67,123.67,122.35,123.34,514
BSOFT,20200303,91.5,92.9,88.3,91.3,1282882
BURNPUR,20200303,0.95,1.0,0.9,1.0,62107
BUTTERFLY,20200303,180.7,184.85,173.35,178.1,22813
BVCL,20200303,12.2,12.2,11.6,12.2,5195
BYKE,20200303,15.55,16.5,15.55,16.3,28304
CADILAHC,20200303,249.3,263.45,240.5,260.35,2447513
CALSOFT,20200303,12.5,12.5,11.55,12.25,20014
CAMLINFINE,20200303,68.7,71.45,67.3,70.0,504040
CANBK,20200303,139.75,143.5,137.8,141.75,12866011
CANDC,20200303,1.7,1.7,1.65,1.65,526
CANFINHOME,20200303,498.05,502.0,480.5,485.3,315822
CANTABIL,20200303,293.0,295.9,245.0,251.25,65291
CAPACITE,20200303,156.25,160.95,149.4,151.35,45215
CAPLIPOINT,20200303,305.15,317.0,285.0,292.2,135976
CAPTRUST,20200303,95.0,95.8,91.05,91.05,2155
CARBORUNIV,20200303,328.0,329.45,322.2,327.05,28220
CAREERP,20200303,139.55,146.4,132.1,134.8,78071
CARERATING,20200303,465.3,478.0,455.8,470.75,154098
CASTEXTECH,20200303,0.35,0.45,0.35,0.4,113936
CASTROLIND,20200303,149.75,153.5,144.0,146.85,2776589
CCHHL,20200303,2.45,2.55,2.35,2.5,25234
CCL,20200303,231.0,232.6,221.7,229.55,206911
CDSL,20200303,257.0,263.0,249.0,253.0,738781
CEATLTD,20200303,1000.0,1022.9,987.05,1009.55,64172
CEBBCO,20200303,14.0,14.2,13.4,14.0,31838
CELEBRITY,20200303,4.95,5.4,4.95,5.25,43823
CELESTIAL,20200303,1.85,1.95,1.85,1.95,3296
CENTENKA,20200303,158.35,161.35,157.0,159.1,11098
CENTEXT,20200303,2.35,2.5,2.35,2.35,20170
CENTRALBK,20200303,15.35,16.0,15.0,15.2,458923
CENTRUM,20200303,18.35,19.0,18.2,18.8,123705
CENTUM,20200303,342.9,342.9,325.65,337.55,840
CENTURYPLY,20200303,154.75,161.25,154.55,159.35,157638
CENTURYTEX,20200303,508.7,533.2,503.1,528.35,2804030
CERA,20200303,2450.1,2520.0,2450.0,2500.2,235500
CEREBRAINT,20200303,37.0,37.0,33.55,34.65,44071
CESC,20200303,644.7,651.05,625.35,631.4,689555
CESCVENT,20200303,271.5,289.95,257.1,275.95,70278
CGCL,20200303,216.5,218.5,212.0,215.4,325361
CGPOWER,20200303,6.9,7.0,6.5,6.5,584778
CHALET,20200303,325.25,349.95,320.55,330.85,3795
CHAMBLFERT,20200303,138.9,140.8,138.4,139.75,125281
CHEMBOND,20200303,183.0,184.0,171.0,178.45,1741
CHEMFAB,20200303,157.2,162.95,157.2,160.55,2492
CHENNPETRO,20200303,106.5,107.55,101.0,102.25,166581
CHOLAFIN,20200303,304.7,309.95,298.9,306.2,1957857
CHOLAHLDNG,20200303,513.0,529.95,503.05,514.5,90125
CHROMATIC,20200303,0.45,0.5,0.45,0.5,5724
CIGNITITEC,20200303,268.15,268.35,252.1,255.4,15536
CIMMCO,20200303,17.3,18.25,17.05,17.5,17495
CINELINE,20200303,29.7,29.7,26.05,27.3,37075
CINEVISTA,20200303,5.5,5.6,5.2,5.3,6569
CIPLA,20200303,402.0,429.2,402.0,425.3,5476676
CKFSL,20200303,0.3,0.35,0.3,0.35,67920
CLEDUCATE,20200303,61.45,62.4,55.05,59.15,6808
CLNINDIA,20200303,344.05,352.75,323.0,341.9,44304
CMICABLES,20200303,28.55,30.55,28.55,29.05,18092
CNOVAPETRO,20200303,4.9,5.35,4.85,4.85,6216
COALINDIA,20200303,171.35,179.65,170.9,178.2,17015816
COCHINSHIP,20200303,335.1,337.0,326.35,330.8,550334
COLPAL,20200303,1303.75,1328.95,1296.05,1319.85,463353
COMPINFO,20200303,12.55,13.1,12.3,12.5,40618
COMPUSOFT,20200303,5.0,5.1,4.3,4.75,55212
CONCOR,20200303,499.15,510.35,485.0,489.55,1337625
CONFIPET,20200303,23.9,24.2,22.7,23.35,286997
CONSOFINVT,20200303,33.0,34.0,33.0,33.2,1637
CONTROLPR,20200303,275.2,275.9,271.0,272.6,8687
CORALFINAC,20200303,13.6,13.85,13.45,13.7,7039
CORDSCABLE,20200303,39.3,42.2,39.25,41.75,10697
COROMANDEL,20200303,610.15,632.85,603.25,619.25,162529
CORPBANK,20200303,17.55,18.3,17.5,17.9,427256
COSMOFILMS,20200303,309.5,323.0,306.0,311.6,94727
COX&KINGS,20200303,0.8,0.85,0.75,0.75,186417
CPSEETF,20200303,18.85,19.64,18.75,19.42,5259169
CREATIVE,20200303,124.9,124.9,114.2,120.0,10155
CREDITACC,20200303,860.05,883.05,825.05,864.25,68090
CREST,20200303,94.55,95.7,87.15,91.8,4463
CRISIL,20200303,1531.85,1569.0,1512.65,1530.05,19819
CROMPTON,20200303,276.05,283.0,273.2,277.85,871807
CSBBANK,20200303,171.0,177.0,170.35,174.65,160029
CTE,20200303,14.65,15.8,14.65,14.65,9973
CUB,20200303,215.0,218.0,212.15,217.15,412743
CUBEXTUB,20200303,15.6,15.95,15.25,15.25,16432
CUMMINSIND,20200303,502.8,550.4,500.1,506.25,579484
CUPID,20200303,193.5,195.0,185.45,191.95,52862
CYBERMEDIA,20200303,2.2,2.2,2.2,2.2,100
CYBERTECH,20200303,43.55,43.6,41.85,41.95,5046
CYIENT,20200303,425.05,433.8,413.95,420.05,52175
DAAWAT,20200303,25.0,26.5,24.35,25.1,610444
DABUR,20200303,503.0,513.0,500.3,506.6,3579242
DALBHARAT,20200303,778.6,778.6,740.3,750.7,117185
DALMIASUG,20200303,90.95,91.85,85.15,86.35,291344
DAMODARIND,20200303,26.5,27.45,24.1,25.05,2553
DATAMATICS,20200303,57.95,59.95,55.6,56.4,45694
DBCORP,20200303,111.0,114.8,110.95,113.85,33328
DBL,20200303,307.0,311.85,298.15,307.15,168372
DBREALTY,20200303,8.25,8.3,8.0,8.3,118219
DBSTOCKBRO,20200303,7.35,7.35,7.35,7.35,1
DCAL,20200303,77.8,78.0,72.2,74.25,240615
DCBBANK,20200303,160.0,165.3,157.05,158.8,471152
DCM,20200303,20.75,20.75,19.5,19.7,8940
DCMNVL,20200303,32.4,32.4,30.55,31.0,2855
DCMSHRIRAM,20200303,330.0,339.95,326.8,332.0,39455
DCW,20200303,13.1,13.65,13.0,13.5,186476
DECCANCE,20200303,268.05,279.15,265.0,270.05,8081
DEEPAKFERT,20200303,89.9,91.5,89.25,90.8,138174
DEEPAKNTR,20200303,512.8,537.85,510.2,532.95,2231123
DEEPIND,20200303,80.0,80.7,75.05,77.7,17336
DELTACORP,20200303,128.0,133.5,122.55,132.05,1315871
DELTAMAGNT,20200303,27.5,27.5,25.2,25.7,521
DEN,20200303,45.8,46.8,43.6,44.45,42409
DENORA,20200303,219.7,219.7,204.1,211.8,9445
DFMFOODS,20200303,283.0,283.0,270.0,271.7,54256
DGCONTENT,20200303,4.75,5.25,4.75,5.25,4215
DHAMPURSUG,20200303,151.8,157.0,147.95,155.6,493772
DHANBANK,20200303,13.85,13.85,13.25,13.4,192253
DHANUKA,20200303,470.0,470.0,451.3,455.3,18676
DHARSUGAR,20200303,6.15,7.25,6.15,6.8,19955
DHFL,20200303,15.6,15.6,15.6,15.6,512890
DHUNINV,20200303,204.8,204.8,195.0,197.5,131
DIAMONDYD,20200303,723.55,723.55,699.0,715.0,51123
DIAPOWER,20200303,0.3,0.4,0.3,0.4,4653
DICIND,20200303,398.6,398.6,353.9,381.15,14222
DIGISPICE,20200303,5.0,5.0,4.75,4.75,1712
DIGJAMLTD,20200303,1.05,1.1,1.05,1.1,23852
DISHTV,20200303,8.1,8.3,7.8,7.95,6348127
DIVISLAB,20200303,2124.9,2210.0,2063.55,2183.1,1399046
DIXON,20200303,3987.95,4081.95,3874.65,4034.95,50507
DLF,20200303,205.0,212.05,203.4,206.8,11084288
DLINKINDIA,20200303,91.9,93.75,89.1,90.1,81730
DMART,20200303,2228.0,2274.0,2172.95,2233.05,1252459
DNAMEDIA,20200303,0.35,0.35,0.3,0.3,20035
DOLAT,20200303,51.9,53.0,48.0,49.95,69347
DOLLAR,20200303,166.25,176.05,166.25,175.25,34913
DONEAR,20200303,27.55,28.8,27.55,28.0,4618
DPSCLTD,20200303,7.1,8.15,6.9,6.95,29153
DPWIRES,20200303,77.0,77.0,73.55,73.55,36
DQE,20200303,1.3,1.3,1.3,1.3,14232
DREDGECORP,20200303,278.25,282.95,271.8,277.25,108717
DRREDDY,20200303,2940.0,3078.0,2931.25,3043.7,1056080
DSSL,20200303,21.5,22.35,19.5,20.8,11454
DTIL,20200303,149.0,159.8,145.5,153.45,958
DUCON,20200303,4.4,4.8,4.4,4.8,26909
DVL,20200303,57.0,60.95,57.0,57.2,5007
DWARKESH,20200303,26.65,28.1,25.8,26.3,1715139
DYNAMATECH,20200303,858.0,866.35,805.0,820.15,1565
DYNPRO,20200303,146.4,148.95,139.25,143.8,20331
EASTSILK,20200303,0.85,0.85,0.85,0.85,1
EBBETF0423,20200303,1020.2,1020.2,1019.02,1019.26,1577
EBBETF0430,20200303,1035.5,1036.98,1034.76,1035.41,12320
ECLERX,20200303,520.7,550.0,520.7,540.25,190857
EDELWEISS,20200303,88.2,89.5,86.4,86.8,673823
EDL,20200303,3.3,3.3,3.15,3.15,10392
EDUCOMP,20200303,1.0,1.05,0.95,0.95,12438
EICHERMOT,20200303,17500.0,18041.0,17400.0,17888.45,274740
EIDPARRY,20200303,190.8,191.15,181.75,186.8,101187
EIHAHOTELS,20200303,263.35,266.75,258.4,263.45,929
EIHOTEL,20200303,129.0,129.95,121.1,128.05,54174
EIMCOELECO,20200303,282.05,292.0,282.0,290.05,430
EKC,20200303,21.75,21.9,20.05,21.15,147353
ELECON,20200303,28.85,29.0,27.0,28.55,51820
ELECTCAST,20200303,13.05,13.75,12.7,13.05,106811
ELECTHERM,20200303,129.0,139.95,121.0,123.2,8900
ELGIEQUIP,20200303,201.65,203.35,196.25,198.0,4680599
ELGIRUBCO,20200303,14.3,16.9,14.3,16.25,4100
EMAMILTD,20200303,259.9,263.0,255.35,257.0,493583
EMAMIPAP,20200303,81.85,82.45,78.0,79.4,10473
EMAMIREAL,20200303,40.15,42.95,39.25,40.15,9562
EMCO,20200303,0.65,0.65,0.6,0.65,5051
EMKAY,20200303,52.0,53.8,52.0,53.15,603
EMMBI,20200303,90.05,103.6,88.1,92.9,22027
ENDURANCE,20200303,962.0,1008.0,955.85,975.5,26551
ENERGYDEV,20200303,5.1,5.15,5.0,5.15,6154
ENGINERSIN,20200303,72.5,76.0,72.5,75.7,1676172
ENIL,20200303,192.05,194.35,183.4,188.6,22631
EON,20200303,11.3,11.3,10.85,10.9,2086
EQUITAS,20200303,107.4,109.05,101.2,105.25,11995530
ERIS,20200303,433.4,447.7,427.25,437.85,76277
EROSMEDIA,20200303,12.8,12.8,12.1,12.4,90452
ESABINDIA,20200303,1405.45,1488.8,1370.5,1460.4,6317
ESCORTS,20200303,853.0,875.0,834.0,853.0,4629904
ESSARSHPNG,20200303,6.35,6.35,5.55,5.8,9796
ESSELPACK,20200303,165.6,165.6,157.0,160.4,193579
ESTER,20200303,35.0,36.55,34.5,35.05,32800
EUROCERA,20200303,0.4,0.45,0.4,0.4,10875
EUROMULTI,20200303,0.35,0.35,0.35,0.35,20
EUROTEXIND,20200303,7.2,7.2,6.6,7.1,1116
EVEREADY,20200303,63.2,64.9,61.55,62.25,284417
EVERESTIND,20200303,199.25,204.75,189.1,193.35,77014
EXCEL,20200303,1.05,1.1,1.05,1.1,14599
EXCELINDUS,20200303,684.25,696.4,655.0,665.7,16964
EXIDEIND,20200303,162.4,163.75,158.45,161.7,3056334
EXPLEOSOL,20200303,278.05,282.4,246.75,251.1,10547
FACT,20200303,32.15,32.25,30.4,31.0,63603
FAIRCHEM,20200303,623.9,648.0,618.0,642.3,61170
FCL,20200303,23.25,24.9,22.25,22.45,164247
FCONSUMER,20200303,12.95,13.9,12.9,13.9,2605565
FCSSOFT,20200303,0.15,0.2,0.15,0.2,699432
FDC,20200303,232.0,234.95,226.3,229.85,67913
FEDERALBNK,20200303,83.55,85.5,82.5,84.5,8678728
FEL,20200303,18.65,21.0,18.65,19.9,212336
FELDVR,20200303,19.75,20.3,18.65,18.7,3347
FIEMIND,20200303,434.8,434.8,424.5,429.45,3370
FILATEX,20200303,35.15,36.3,33.95,34.55,241469
FINCABLES,20200303,330.95,331.8,320.0,329.0,100481
FINEORG,20200303,2132.0,2167.0,2060.0,2119.55,9080
FINPIPE,20200303,542.5,555.0,542.5,550.55,24311
FLEXITUFF,20200303,5.15,5.15,5.15,5.15,313
FLFL,20200303,344.8,355.15,299.8,331.25,106754
FLUOROCHEM,20200303,484.8,494.95,466.75,490.35,18914
FMGOETZE,20200303,521.85,539.9,511.1,513.4,1168
FMNL,20200303,25.0,25.2,20.45,21.2,52695
FORCEMOT,20200303,1080.0,1100.0,1053.3,1086.55,31263
FORTIS,20200303,153.5,156.1,151.0,153.8,1262588
FOSECOIND,20200303,1295.0,1296.0,1268.25,1288.15,920
FRETAIL,20200303,307.2,313.75,292.8,304.5,505150
FSC,20200303,399.9,399.9,390.55,396.0,19977
FSL,20200303,42.7,42.7,41.15,42.2,1173611
GABRIEL,20200303,94.65,94.65,90.1,91.2,777049
GAEL,20200303,160.05,160.9,151.75,158.95,56997
GAIL,20200303,100.9,103.8,99.5,103.2,15840274
GAL,20200303,1.8,1.85,1.8,1.85,721
GALAXYSURF,20200303,1630.0,1637.0,1571.0,1591.2,8431
GALLANTT,20200303,22.6,25.0,22.4,24.25,2895
GALLISPAT,20200303,19.0,21.5,19.0,20.15,5508
GAMMNINFRA,20200303,0.35,0.35,0.25,0.3,277277
GANDHITUBE,20200303,235.0,241.95,232.3,239.65,871
GANECOS,20200303,312.05,329.0,303.7,326.5,27642
GANESHHOUC,20200303,29.0,29.6,28.1,28.35,16547
GANGESSECU,20200303,35.65,35.8,31.05,33.1,1102
GANGOTRI,20200303,0.5,0.5,0.45,0.45,1046
GARDENSILK,20200303,7.95,8.45,7.95,8.1,1073
GARFIBRES,20200303,1555.0,1571.35,1432.8,1472.25,19131
GATI,20200303,66.25,67.55,66.25,66.95,128231
GAYAHWS,20200303,0.25,0.3,0.25,0.3,209953
GAYAPROJ,20200303,19.65,19.65,19.65,19.65,37681
GBGLOBAL,20200303,4.9,5.25,4.9,4.9,1003
GDL,20200303,119.15,124.05,118.25,123.15,45513
GEECEE,20200303,69.95,71.0,67.15,68.9,5835
GENESYS,20200303,56.0,56.0,52.0,52.35,16173
GENUSPAPER,20200303,4.25,4.8,4.25,4.55,28157
GENUSPOWER,20200303,24.4,24.5,23.45,23.65,134993
GEOJITFSL,20200303,24.0,24.95,23.6,23.9,304438
GEPIL,20200303,734.95,735.05,696.65,718.25,31979
GESHIP,20200303,247.0,250.3,240.3,248.95,50258
GET&D,20200303,129.0,132.05,124.15,125.5,20361
GFLLIMITED,20200303,126.25,130.5,124.45,124.45,24762
GHCL,20200303,166.0,168.4,162.1,164.75,143291
GICHSGFIN,20200303,94.35,98.85,94.35,95.75,102630
GICRE,20200303,169.0,169.95,164.75,166.75,210691
GILLANDERS,20200303,25.7,27.7,24.65,25.65,1780
GILLETTE,20200303,5770.0,5950.0,5770.0,5873.0,4261
GINNIFILA,20200303,8.9,8.9,8.3,8.5,19072
GIPCL,20200303,66.6,66.75,65.15,66.2,31173
GKWLIMITED,20200303,622.1,650.0,622.1,643.0,375
GLAXO,20200303,1305.1,1332.7,1290.0,1312.75,39855
GLENMARK,20200303,275.05,286.6,273.45,282.3,1757918
GLFL,20200303,0.95,0.95,0.95,0.95,312
GLOBALVECT,20200303,51.8,55.0,49.5,52.0,12455
GLOBOFFS,20200303,4.05,4.1,3.95,3.95,3060
GLOBUSSPR,20200303,117.05,118.9,107.0,110.75,150406
GMBREW,20200303,390.65,395.6,384.1,388.8,9352
GMDCLTD,20200303,50.5,50.8,47.9,49.15,176039
GMMPFAUDLR,20200303,3015.0,3118.0,2912.3,3036.65,85452
GMRINFRA,20200303,20.6,20.8,19.75,20.2,22558297
GNA,20200303,214.0,214.3,200.15,201.4,32348
GNFC,20200303,161.5,164.2,160.0,161.85,166374
GOACARBON,20200303,211.0,219.5,207.0,218.35,12762
GOCLCORP,20200303,259.8,259.85,247.1,248.55,2903
GODFRYPHLP,20200303,1156.45,1189.0,1130.1,1173.35,144837
GODREJAGRO,20200303,455.75,470.0,445.1,465.45,45548
GODREJCP,20200303,594.75,625.75,593.6,618.7,2325261
GODREJIND,20200303,403.0,428.0,390.1,414.95,231953
GODREJPROP,20200303,1015.0,1034.95,980.5,1000.05,172285
GOENKA,20200303,0.3,0.3,0.25,0.25,12596
GOKEX,20200303,60.0,60.95,58.5,59.2,22488
GOKUL,20200303,9.5,9.5,8.9,9.0,2762
GOKULAGRO,20200303,11.6,12.3,11.4,11.4,25701
GOLDBEES,20200303,37.45,37.45,36.85,37.12,1974229
GOLDENTOBC,20200303,22.3,24.5,22.3,23.1,1412
GOLDIAM,20200303,149.05,152.8,145.15,147.4,40566
GOLDSHARE,20200303,3763.6,3794.95,3748.1,3758.75,984
GOLDTECH,20200303,8.45,8.45,7.75,7.85,9475
GOODLUCK,20200303,40.0,40.0,38.0,39.4,20073
GPIL,20200303,174.8,174.8,163.8,165.1,78583
GPPL,20200303,72.55,75.9,72.55,73.95,307202
GPTINFRA,20200303,28.3,28.75,28.1,28.5,2376
GRANULES,20200303,164.9,167.9,153.55,165.4,3100598
GRAPHITE,20200303,234.7,239.9,226.55,236.05,1183554
GRASIM,20200303,671.0,704.6,671.0,700.05,3350249
GRAVITA,20200303,52.6,53.9,48.1,49.7,129796
GREAVESCOT,20200303,130.65,131.35,128.0,130.0,116237
GREENLAM,20200303,920.05,968.8,920.0,936.6,857
GREENPANEL,20200303,50.75,50.8,46.55,47.0,79166
GREENPLY,20200303,130.0,131.55,121.55,126.25,29712
GREENPOWER,20200303,1.9,1.95,1.85,1.85,11059
GRINDWELL,20200303,575.0,585.9,570.5,583.95,98609
GROBTEA,20200303,331.0,331.0,324.9,324.9,123
GRPLTD,20200303,690.0,704.95,624.95,659.75,658
GRSE,20200303,159.85,166.0,156.0,164.95,111003
GSCLCEMENT,20200303,19.35,20.3,19.35,20.0,49341
GSFC,20200303,61.1,62.15,58.05,59.65,578196
GSKCONS,20200303,9490.0,9558.9,9340.0,9467.1,17401
GSPL,20200303,226.5,237.9,226.5,235.75,650357
GSS,20200303,30.85,32.1,29.8,30.3,4961
GTL,20200303,1.5,1.55,1.5,1.5,32417
GTLINFRA,20200303,0.35,0.35,0.3,0.35,4455034
GTNIND,20200303,5.8,5.8,5.8,5.8,1946
GTNTEX,20200303,6.55,6.55,6.55,6.55,400
GTPL,20200303,61.95,61.95,59.05,59.5,19715
GUFICBIO,20200303,60.1,62.95,59.35,61.8,27246
GUJALKALI,20200303,327.0,335.95,320.0,323.95,42892
GUJAPOLLO,20200303,115.7,126.0,115.7,118.5,281
GUJGASLTD,20200303,278.25,291.3,278.25,289.35,861926
GUJRAFFIA,20200303,8.9,8.9,8.9,8.9,50
GULFOILLUB,20200303,735.0,758.45,724.0,731.7,5199
GULFPETRO,20200303,43.3,45.9,40.65,41.85,42375
GULPOLY,20200303,41.75,41.8,38.95,39.4,44420
GVKPIL,20200303,3.65,3.75,3.35,3.45,1561555
HAL,20200303,684.95,684.95,665.0,671.9,22909
HARITASEAT,20200303,454.15,485.0,451.5,477.4,6262
HARRMALAYA,20200303,59.0,63.45,59.0,62.6,76846
HATHWAY,20200303,18.25,20.9,18.25,18.85,283802
HATSUN,20200303,686.0,700.0,681.75,687.75,23453
HAVELLS,20200303,629.0,645.0,618.0,638.55,1520126
HAVISHA,20200303,0.6,0.65,0.6,0.6,2329
HBLPOWER,20200303,16.5,16.7,14.3,15.95,229456
HBSL,20200303,6.15,6.15,6.15,6.15,45
HCC,20200303,8.0,8.75,7.65,8.05,2707041
HCG,20200303,113.45,117.15,112.0,114.9,34145
HCL-INSYS,20200303,5.4,5.45,4.9,5.05,599531
HCLTECH,20200303,556.0,568.75,555.0,565.05,4682284
HDFC,20200303,2201.7,2226.9,2173.3,2191.4,4229070
HDFCAMC,20200303,3056.0,3102.0,3026.85,3062.1,285682
HDFCBANK,20200303,1175.0,1185.35,1168.0,1181.8,11184775
HDFCLIFE,20200303,560.0,573.0,559.65,563.5,2844292
HDFCMFGETF,20200303,3779.8,3797.55,3767.45,3788.25,4276
HDFCNIFETF,20200303,1187.87,1219.5,1175.45,1195.94,3196
HDFCSENETF,20200303,4267.0,4292.0,4035.01,4084.0,544
HDIL,20200303,2.1,2.3,2.1,2.1,234113
HEG,20200303,919.75,965.9,911.5,952.3,346358
HEIDELBERG,20200303,200.0,207.0,194.8,197.2,334092
HERCULES,20200303,76.0,77.35,73.0,73.95,13121
HERITGFOOD,20200303,341.15,347.7,337.1,340.4,26882
HEROMOTOCO,20200303,1976.0,2063.85,1976.0,2054.85,1689926
HESTERBIO,20200303,1472.0,1474.9,1394.55,1399.25,3948
HEXATRADEX,20200303,8.75,9.45,8.75,9.45,2324
HEXAWARE,20200303,360.25,371.9,358.6,365.8,153580
HFCL,20200303,12.8,13.2,11.8,12.65,3145635
HGINFRA,20200303,229.1,239.85,227.0,230.85,10857
HGS,20200303,796.25,813.7,778.1,789.55,4084
HIKAL,20200303,124.3,127.85,121.35,123.3,156167
HIL,20200303,1069.0,1069.0,1037.7,1047.95,5049
HILTON,20200303,9.05,9.05,8.5,9.0,1525
HIMATSEIDE,20200303,99.0,99.6,96.65,97.1,60503
HINDALCO,20200303,152.1,160.45,150.8,159.3,21836942
HINDCOMPOS,20200303,173.0,173.0,160.0,166.75,2515
HINDCOPPER,20200303,30.65,30.95,29.75,30.7,664930
HINDMOTORS,20200303,5.0,5.0,4.7,4.75,91189
HINDNATGLS,20200303,31.85,34.3,31.85,33.55,2101
HINDOILEXP,20200303,75.95,77.25,74.0,74.7,306859
HINDPETRO,20200303,196.05,207.85,196.0,205.55,6194553
HINDSYNTEX,20200303,1.5,1.5,1.5,1.5,1
HINDUNILVR,20200303,2171.9,2189.6,2141.7,2166.65,1753148
HINDZINC,20200303,170.0,174.0,167.8,172.9,321602
HIRECT,20200303,170.2,171.0,162.9,166.0,14778
HISARMETAL,20200303,54.2,57.85,46.25,48.4,19503
HITECH,20200303,144.55,154.8,144.0,151.3,3489
HITECHCORP,20200303,72.0,73.9,65.1,73.8,2428
HITECHGEAR,20200303,148.05,150.0,145.5,148.5,1492
HLVLTD,20200303,4.0,4.0,3.75,3.9,67652
HMT,20200303,10.55,11.0,10.4,10.6,2055
HMVL,20200303,61.85,63.45,60.35,61.35,5391
HNDFDS,20200303,603.0,668.0,603.0,620.4,2817
HNGSNGBEES,20200303,360.0,366.01,360.0,366.01,75
HONAUT,20200303,32599.9,33449.0,32011.1,32842.1,4346
HONDAPOWER,20200303,1083.0,1113.0,1025.0,1056.6,5905
HOVS,20200303,34.1,37.95,34.1,36.0,1488
HPL,20200303,33.2,36.0,33.2,34.05,45034
HSCL,20200303,50.95,51.45,47.6,48.15,790745
HSIL,20200303,51.7,52.9,50.2,52.2,215200
HTMEDIA,20200303,13.05,13.8,12.55,12.75,88048
HUBTOWN,20200303,10.1,10.35,9.7,9.75,39366
HUDCO,20200303,30.1,30.75,29.6,30.2,878501
IBMFNIFTY,20200303,120.2,120.2,115.1,116.16,145
IBREALEST,20200303,70.8,75.0,67.9,74.4,3310975
IBULHSGFIN,20200303,295.0,303.8,283.4,292.55,47549484
IBULISL,20200303,96.0,100.2,96.0,99.85,131102
IBVENTURES,20200303,184.8,198.55,184.0,198.25,4477894
ICICI500,20200303,151.05,151.82,148.7,151.81,348268
ICICIB22,20200303,29.86,30.24,29.7,30.03,317078
ICICIBANK,20200303,509.85,519.5,508.5,514.75,19661945
ICICIBANKN,20200303,285.01,298.0,285.01,291.1,246919
ICICIBANKP,20200303,151.0,188.0,151.0,160.62,1553
ICICIGI,20200303,1199.0,1238.0,1198.0,1210.95,384410
ICICIGOLD,20200303,37.1,38.08,37.0,37.85,23190
ICICILIQ,20200303,999.0,1000.0,999.0,1000.0,4369
ICICILOVOL,20200303,87.5,88.5,84.5,87.64,4079
ICICIM150,20200303,62.8,64.0,62.56,63.4,2324
ICICIMCAP,20200303,64.0,64.99,63.84,64.73,12492
ICICINF100,20200303,126.0,126.5,120.45,122.93,3438
ICICINIFTY,20200303,117.45,119.9,117.45,119.58,137786
ICICINV20,20200303,54.9,54.9,53.0,54.24,2729
ICICINXT50,20200303,26.82,28.0,26.79,27.28,10998
ICICIPRULI,20200303,456.0,462.9,448.0,455.65,1858745
ICICISENSX,20200303,444.0,444.0,390.16,411.88,1526
ICIL,20200303,54.1,55.0,53.1,54.05,104452
ICRA,20200303,2775.0,2830.7,2775.0,2821.3,573
IDBI,20200303,29.6,30.4,29.1,29.45,1442306
IDBIGOLD,20200303,4000.0,4000.0,3857.0,3921.45,44
IDEA,20200303,3.6,3.9,3.3,3.65,317086505
IDFC,20200303,32.5,33.1,32.3,32.6,944652
IDFCFIRSTB,20200303,38.0,38.75,37.45,37.8,19865882
IDFNIFTYET,20200303,122.99,122.99,119.05,119.05,17
IEX,20200303,185.25,188.5,182.6,185.15,233075
IFBAGRO,20200303,291.05,302.95,275.2,283.25,11153
IFBIND,20200303,477.7,487.15,453.7,459.3,25494
IFCI,20200303,5.35,5.5,5.3,5.45,1161962
IFGLEXPOR,20200303,144.4,149.0,135.4,140.6,2016
IGARASHI,20200303,332.35,336.5,324.15,326.6,84997
IGL,20200303,436.0,451.0,436.0,448.0,3709107
IGPL,20200303,154.15,159.0,152.55,158.15,5971
IIFL,20200303,166.9,169.5,163.5,167.3,320545
IIFLSEC,20200303,49.25,49.25,45.25,47.1,661798
IIFLWAM,20200303,1466.2,1467.0,1441.9,1453.25,12732
IITL,20200303,85.0,85.0,81.0,81.0,385
IL&FSENGG,20200303,1.65,1.7,1.65,1.7,853
IL&FSTRANS,20200303,1.45,1.55,1.45,1.45,37238
IMFA,20200303,191.4,191.45,185.0,189.6,18163
IMPAL,20200303,558.0,558.0,527.05,534.3,1402
IMPEXFERRO,20200303,0.3,0.3,0.3,0.3,621
INDBANK,20200303,6.65,6.9,5.85,6.45,116213
INDHOTEL,20200303,134.0,135.75,128.05,133.0,1732229
INDIACEM,20200303,93.9,95.7,89.6,91.45,3404025
INDIAGLYCO,20200303,340.0,358.9,331.2,347.0,299069
INDIAMART,20200303,2498.0,2625.0,2470.6,2578.7,54090
INDIANB,20200303,71.9,72.75,69.25,69.85,1079228
INDIANCARD,20200303,96.0,103.0,96.0,102.9,875
INDIANHUME,20200303,174.0,182.5,167.05,169.7,66583
INDIGO,20200303,1243.0,1284.5,1216.4,1228.45,4247523
INDLMETER,20200303,13.75,15.05,13.75,15.05,1729
INDNIPPON,20200303,317.0,319.0,301.0,305.75,7250
INDOCO,20200303,210.9,237.8,189.1,237.8,444708
INDORAMA,20200303,20.0,20.95,19.65,20.45,2274
INDOSOLAR,20200303,0.75,0.85,0.75,0.8,16817
INDOSTAR,20200303,279.7,281.7,278.05,281.05,33632
INDOTECH,20200303,105.15,110.15,105.15,108.45,492
INDOTHAI,20200303,19.75,20.8,19.15,19.8,9925
INDOWIND,20200303,2.4,2.6,2.4,2.6,24012
INDRAMEDCO,20200303,38.8,39.8,38.55,39.05,41396
INDSWFTLAB,20200303,19.4,19.4,17.65,17.9,24924
INDSWFTLTD,20200303,2.5,2.6,2.4,2.45,15678
INDTERRAIN,20200303,50.4,53.9,50.2,50.65,6827
INDUSINDBK,20200303,1085.0,1117.95,1073.0,1108.05,5233056
INEOSSTYRO,20200303,711.65,715.1,698.0,707.6,2653
INFIBEAM,20200303,56.45,56.95,54.5,56.35,1401765
INFOBEAN,20200303,110.0,110.0,100.35,106.15,73380
INFRABEES,20200303,308.35,314.99,300.0,313.83,364
INFRATEL,20200303,220.0,225.0,213.05,219.35,4885039
INFY,20200303,755.0,759.0,741.25,747.0,7826587
INGERRAND,20200303,644.95,646.0,639.05,641.7,12031
INOXLEISUR,20200303,380.0,408.2,377.1,387.85,1556209
INOXWIND,20200303,34.0,35.7,33.05,33.45,663348
INSECTICID,20200303,451.7,460.0,444.5,455.65,6892
INSPIRISYS,20200303,29.0,31.95,28.1,29.3,9645
INTEGRA,20200303,0.65,0.65,0.6,0.65,16
INTELLECT,20200303,113.05,117.0,108.6,112.2,164770
INTENTECH,20200303,17.05,18.85,17.05,18.2,26130
INVENTURE,20200303,11.75,12.55,11.75,11.8,68920
IOB,20200303,8.7,8.8,8.55,8.6,621447
IOC,20200303,105.5,107.8,104.3,106.65,13272595
IOLCP,20200303,230.65,235.7,215.0,221.7,2593409
IPCALAB,20200303,1454.0,1529.0,1424.95,1506.1,532439
IRB,20200303,79.95,82.0,77.3,80.05,1695633
IRCON,20200303,480.0,497.2,472.0,485.65,496680
IRCTC,20200303,1770.0,1809.0,1686.55,1739.3,4315203
ISEC,20200303,453.75,470.0,440.85,466.75,319785
ISFT,20200303,44.0,46.95,43.35,43.35,2373
ISMTLTD,20200303,3.25,3.6,3.25,3.55,97920
ITC,20200303,197.0,197.45,192.55,193.85,17947416
ITDC,20200303,236.0,239.0,225.05,231.05,77961
ITDCEM,20200303,50.6,52.3,49.1,50.75,147716
ITI,20200303,74.9,76.95,73.5,75.0,465358
IVC,20200303,2.65,2.75,2.5,2.6,70301
IVP,20200303,50.0,52.0,45.2,49.1,5894
IVZINGOLD,20200303,3900.0,3900.0,3825.0,3825.0,18
IZMO,20200303,21.85,22.75,21.75,21.9,11486
J&KBANK,20200303,19.75,19.75,18.3,18.85,1098231
JAGRAN,20200303,59.3,61.9,56.5,59.25,100826
JAGSNPHARM,20200303,25.1,26.75,25.0,26.15,11992
JAIBALAJI,20200303,26.5,26.5,24.0,24.05,16210
JAICORPLTD,20200303,88.5,93.45,88.4,90.4,3379961
JAIHINDPRO,20200303,0.8,0.8,0.8,0.8,102
JAINSTUDIO,20200303,1.05,1.1,1.05,1.1,205
JAMNAAUTO,20200303,37.95,37.95,33.3,34.05,529995
JASH,20200303,150.0,161.9,142.2,153.3,21910
JAYAGROGN,20200303,81.85,82.45,78.15,80.9,10897
JAYBARMARU,20200303,204.2,206.9,198.95,202.8,24113
JAYNECOIND,20200303,3.45,3.45,3.3,3.4,16688
JAYSREETEA,20200303,42.3,43.4,42.15,42.8,26488
JBCHEPHARM,20200303,540.0,562.0,535.4,557.85,82109
JBFIND,20200303,17.15,17.15,17.15,17.15,249
JBMA,20200303,200.0,204.9,196.0,197.8,12907
JCHAC,20200303,2989.0,3011.0,2856.85,2989.5,4006
JETAIRWAYS,20200303,25.0,25.0,22.75,22.75,85272
JHS,20200303,10.85,11.1,10.4,10.6,51883
JIKIND,20200303,0.25,0.3,0.25,0.3,468
JINDALPHOT,20200303,12.0,12.0,11.2,11.75,2472
JINDALPOLY,20200303,266.0,266.0,254.25,255.7,8740
JINDALSAW,20200303,78.1,83.45,78.1,82.1,645994
JINDALSTEL,20200303,158.0,162.2,155.35,160.65,25472220
JINDCOT,20200303,1.6,1.65,1.55,1.65,1990
JINDRILL,20200303,81.05,82.2,80.0,80.75,4983
JINDWORLD,20200303,59.2,60.0,57.1,57.7,119195
JISLDVREQS,20200303,5.35,5.35,4.75,4.9,33383
JISLJALEQS,20200303,5.0,5.1,4.9,4.9,1357907
JITFINFRA,20200303,5.9,6.3,5.9,6.3,1942
JIYAECO,20200303,14.05,14.05,13.35,13.35,181278
JKCEMENT,20200303,1415.0,1450.0,1375.0,1396.25,52574
JKIL,20200303,126.5,128.8,120.0,124.7,161559
JKLAKSHMI,20200303,310.0,310.0,302.6,304.55,51527
JKPAPER,20200303,115.0,116.9,113.05,115.25,464195
JKTYRE,20200303,62.55,65.0,62.55,64.65,595197
JMA,20200303,23.8,23.8,22.75,23.55,148
JMCPROJECT,20200303,70.0,71.8,67.0,69.9,84964
JMFINANCIL,20200303,110.6,113.55,109.2,111.2,361497
JMTAUTOLTD,20200303,1.2,1.3,1.15,1.3,65137
JOCIL,20200303,109.05,109.05,105.5,106.35,2802
JPASSOCIAT,20200303,1.85,1.9,1.8,1.9,2958662
JPINFRATEC,20200303,1.15,1.15,1.1,1.15,1762221
JPOLYINVST,20200303,11.7,12.0,11.7,11.8,503
JPPOWER,20200303,1.15,1.15,1.15,1.15,283011
JSL,20200303,40.1,41.0,39.5,39.7,810469
JSLHISAR,20200303,68.6,69.9,64.0,66.3,1338045
JSWENERGY,20200303,54.5,58.05,54.5,57.35,763293
JSWHL,20200303,2343.35,2456.0,2280.05,2415.1,417
JSWSTEEL,20200303,239.25,249.1,238.65,246.45,11580274
JTEKTINDIA,20200303,75.1,77.4,72.0,72.3,132996
JUBILANT,20200303,494.0,508.85,483.6,499.75,142320
JUBLFOOD,20200303,1670.0,1720.8,1626.05,1696.45,2594089
JUBLINDS,20200303,120.7,125.1,120.25,124.0,9621
JUMPNET,20200303,56.9,56.95,55.05,55.8,574670
JUNIORBEES,20200303,278.68,282.0,275.16,280.47,164845
JUSTDIAL,20200303,477.0,504.4,473.0,498.5,2222465
JVLAGRO,20200303,0.35,0.35,0.3,0.3,101616
JYOTHYLAB,20200303,123.0,125.15,122.0,124.2,116249
KABRAEXTRU,20200303,62.0,66.9,61.85,64.5,19755
KAJARIACER,20200303,552.2,553.55,544.1,549.75,111421
KAKATCEM,20200303,161.5,166.4,159.0,160.6,13554
KALPATPOWR,20200303,332.0,340.95,316.85,332.4,113168
KALYANIFRG,20200303,120.1,122.0,120.1,120.7,243
KAMATHOTEL,20200303,31.25,33.1,31.2,32.35,24791
KAMDHENU,20200303,66.3,70.7,66.2,68.2,7005
KANANIIND,20200303,1.9,1.9,1.9,1.9,240
KANORICHEM,20200303,37.1,38.5,36.3,37.15,41536
KANSAINER,20200303,500.0,504.0,497.05,500.05,154660
KARDA,20200303,151.0,154.85,150.2,153.95,6759
KARURVYSYA,20200303,40.0,40.5,38.9,39.1,639279
KAUSHALYA,20200303,0.45,0.45,0.35,0.35,950
KAVVERITEL,20200303,1.85,1.85,1.85,1.85,10
KAYA,20200303,277.25,282.75,257.1,262.05,65122
KCP,20200303,58.25,60.0,58.05,58.95,18796
KCPSUGIND,20200303,11.7,12.25,11.65,11.9,49579
KDDL,20200303,254.85,258.0,230.05,239.05,3700
KEC,20200303,309.0,323.0,303.05,319.4,198317
KECL,20200303,12.35,12.35,11.4,11.45,29560
KEI,20200303,466.9,523.0,466.9,512.9,456048
KELLTONTEC,20200303,13.0,14.75,12.95,13.1,361151
KENNAMET,20200303,945.05,964.75,921.1,950.4,6648
KERNEX,20200303,19.75,19.75,18.1,18.75,12520
KESORAMIND,20200303,34.3,35.6,32.3,32.55,190781
KGL,20200303,0.25,0.3,0.2,0.25,340008
KHADIM,20200303,103.0,110.1,102.6,107.2,68960
KICL,20200303,1532.0,1551.0,1464.0,1496.9,593
KILITCH,20200303,100.2,115.4,100.2,103.55,8694
KINGFA,20200303,608.7,608.75,561.15,567.3,3102
KIOCL,20200303,94.95,95.0,93.15,94.0,4150
KIRIINDUS,20200303,379.0,387.0,350.1,361.75,307605
KIRLFER,20200303,67.05,67.7,65.5,66.0,42125
KIRLOSBROS,20200303,136.1,143.0,135.5,141.15,25906
KIRLOSENG,20200303,124.0,129.0,124.0,126.15,17717
KIRLOSIND,20200303,628.6,650.0,585.05,610.75,1440
KITEX,20200303,144.0,147.95,141.3,142.9,124118
KKCL,20200303,910.05,943.0,906.3,929.65,58
KMSUGAR,20200303,6.85,7.1,6.45,6.75,51016
KNRCON,20200303,267.5,271.85,260.25,267.5,181751
KOHINOOR,20200303,6.8,6.95,6.7,6.8,13042
KOKUYOCMLN,20200303,67.8,68.1,64.0,67.0,25555
KOLTEPATIL,20200303,213.1,223.5,213.05,219.9,61051
KOPRAN,20200303,27.7,27.7,25.95,26.6,38765
KOTAKBANK,20200303,1603.8,1636.35,1587.0,1626.3,2918386
KOTAKBKETF,20200303,299.89,301.64,296.04,300.52,70913
KOTAKGOLD,20200303,372.9,373.8,370.3,372.3,26835
KOTAKNIFTY,20200303,119.1,121.5,116.15,117.43,56436
KOTAKNV20,20200303,55.5,55.5,54.55,55.0,3418
KOTAKPSUBK,20200303,188.0,188.5,183.1,185.13,7235
KOTARISUG,20200303,11.05,11.6,9.75,10.1,188094
KOTHARIPET,20200303,14.55,15.2,13.8,15.2,4746
KOTHARIPRO,20200303,54.4,55.6,53.0,53.5,3755
KPITTECH,20200303,84.0,84.9,79.15,81.45,102652
KPRMILL,20200303,575.0,604.0,571.15,594.05,3049
KRBL,20200303,263.25,273.55,257.0,267.6,91263
KREBSBIO,20200303,95.0,97.8,91.8,96.05,506
KRIDHANINF,20200303,1.85,1.95,1.85,1.85,41078
KRISHANA,20200303,51.25,51.25,50.5,51.05,4050
KSB,20200303,646.6,682.0,646.6,677.25,173437
KSCL,20200303,423.0,435.85,423.0,431.3,49679
KSERASERA,20200303,0.1,0.1,0.05,0.05,12519726
KSK,20200303,0.35,0.4,0.3,0.35,2141876
KSL,20200303,209.0,212.65,202.7,208.6,33562
KTKBANK,20200303,69.9,70.4,68.7,69.45,564219
KUANTUM,20200303,459.0,469.0,450.1,464.4,5053
KWALITY,20200303,1.7,1.75,1.65,1.65,241075
L&TFH,20200303,105.0,108.3,103.15,107.3,9915296
LAKPRE,20200303,1.6,1.6,1.6,1.6,5500
LAKSHVILAS,20200303,15.8,15.8,14.9,14.95,977428
LALPATHLAB,20200303,1700.0,1717.85,1661.0,1676.55,251479
LAMBODHARA,20200303,29.5,30.8,27.45,28.8,13319
LAOPALA,20200303,215.0,215.9,208.4,211.2,62321
LASA,20200303,47.4,49.4,44.7,47.45,115567
LAURUSLABS,20200303,425.9,429.2,412.0,417.8,87589
LAXMIMACH,20200303,3200.2,3278.05,3190.2,3233.05,75507
LEMONTREE,20200303,50.6,51.9,49.0,49.45,262640
LFIC,20200303,48.55,52.2,45.5,52.2,680
LGBBROSLTD,20200303,254.5,254.5,237.25,240.85,36274
LGBFORGE,20200303,2.25,2.25,2.25,2.25,38103
LIBAS,20200303,45.1,45.1,44.7,44.7,105
LIBERTSHOE,20200303,104.8,106.5,100.1,103.5,48243
LICHSGFIN,20200303,325.0,334.0,322.5,330.0,3211488
LICNETFGSC,20200303,20.7,20.7,19.3,19.72,20308
LICNETFN50,20200303,138.89,138.89,115.0,117.81,821
LICNETFSEN,20200303,480.6,483.0,480.0,483.0,8
LICNFNHGP,20200303,117.35,119.8,117.05,118.34,13
LINCOLN,20200303,161.0,163.55,158.45,162.55,18680
LINCPEN,20200303,203.0,210.0,188.4,199.15,2495
LINDEINDIA,20200303,639.85,652.8,608.0,630.95,63541
LIQUIDBEES,20200303,1000.0,1000.01,999.45,1000.0,1094211
LIQUIDETF,20200303,1000.0,1000.01,999.99,1000.0,21849
LOKESHMACH,20200303,22.95,25.85,22.1,22.55,15984
LOTUSEYE,20200303,24.25,26.9,24.25,26.7,5991
LOVABLE,20200303,61.7,61.7,57.35,59.0,9823
LPDC,20200303,1.0,1.0,1.0,1.0,1306
LSIL,20200303,0.45,0.45,0.35,0.4,1011307
LT,20200303,1166.0,1186.8,1162.05,1181.3,3134527
LTI,20200303,1938.0,1985.0,1926.05,1961.1,82575
LTTS,20200303,1672.15,1708.95,1619.95,1675.6,134954
LUMAXIND,20200303,1292.0,1320.0,1245.6,1303.15,2450
LUMAXTECH,20200303,93.1,94.95,91.2,91.9,7414
LUPIN,20200303,637.0,660.55,635.3,649.6,2135990
LUXIND,20200303,1394.0,1394.35,1344.8,1354.0,68371
LYKALABS,20200303,17.65,18.6,17.1,17.25,6146
LYPSAGEMS,20200303,3.7,3.85,3.55,3.8,2324
M&M,20200303,462.0,471.0,455.25,466.25,4582866
M&MFIN,20200303,342.0,348.7,337.75,341.1,2039657
M100,20200303,17.2,17.83,17.2,17.73,51372
M50,20200303,110.9,110.9,107.3,110.47,836
MAANALU,20200303,55.0,57.0,53.75,54.3,4180
MADHAV,20200303,28.5,29.8,28.05,28.75,1699
MADHUCON,20200303,2.5,2.7,2.5,2.7,13252
MADRASFERT,20200303,14.05,14.3,13.5,13.95,47433
MAGADSUGAR,20200303,101.1,110.0,101.1,106.4,22588
MAGMA,20200303,43.0,45.1,41.8,42.15,68061
MAGNUM,20200303,2.75,2.75,2.75,2.75,500
MAHABANK,20200303,10.5,10.8,10.4,10.6,220270
MAHAPEXLTD,20200303,83.0,88.75,80.4,86.0,515
MAHASTEEL,20200303,90.0,95.0,89.9,89.9,5831
MAHEPC,20200303,125.0,125.0,111.55,116.6,64667
MAHESHWARI,20200303,257.8,257.8,236.0,242.3,76072
MAHINDCIE,20200303,125.0,128.8,124.7,127.55,60115
MAHLIFE,20200303,352.0,365.95,346.35,352.5,11040
MAHLOG,20200303,371.1,381.8,368.0,374.7,17892
MAHSCOOTER,20200303,4379.65,4444.0,4211.0,4231.75,3215
MAHSEAMLES,20200303,324.5,329.9,321.15,326.5,3898
MAITHANALL,20200303,470.15,492.95,470.15,490.2,18312
MAJESCO,20200303,383.0,387.8,372.4,378.15,10066
MALUPAPER,20200303,28.05,29.25,27.6,28.2,15281
MAN50ETF,20200303,114.45,115.0,113.85,114.9,2407
MANAKALUCO,20200303,4.05,4.05,3.3,3.75,27808
MANAKCOAT,20200303,3.7,3.9,3.7,3.9,388
MANAKSIA,20200303,51.8,53.4,48.65,51.65,343248
MANAKSTEEL,20200303,9.15,9.55,9.15,9.3,8128
MANALIPETC,20200303,16.3,16.7,15.75,15.8,151272
MANAPPURAM,20200303,164.45,165.05,157.25,162.05,5460832
MANGALAM,20200303,28.5,28.5,26.9,27.5,7416
MANGCHEFER,20200303,27.9,31.3,27.3,30.6,342464
MANGLMCEM,20200303,243.5,251.55,240.2,244.7,18785
MANGTIMBER,20200303,10.0,10.2,10.0,10.2,4985
MANINDS,20200303,54.9,55.9,53.0,53.35,84466
MANINFRA,20200303,25.25,26.7,25.25,26.25,35567
MANUGRAPH,20200303,10.1,10.6,10.0,10.4,3556
MANXT50,20200303,267.0,270.2,266.5,270.03,617
MARALOVER,20200303,14.9,14.9,12.85,12.9,16386
MARATHON,20200303,75.85,75.9,71.3,74.6,10127
MARICO,20200303,297.5,298.1,290.5,296.1,3970650
MARKSANS,20200303,16.35,17.15,16.3,16.9,728603
MARUTI,20200303,6318.0,6422.15,6280.5,6386.05,849199
MASFIN,20200303,1070.0,1080.0,998.8,1066.4,23971
MASKINVEST,20200303,20.2,20.2,20.2,20.2,1
MASTEK,20200303,412.0,419.75,408.85,415.1,23100
MATRIMONY,20200303,420.95,421.3,416.4,419.15,317
MAWANASUG,20200303,33.7,35.75,33.1,34.7,138985
MAXINDIA,20200303,92.5,95.9,89.5,90.35,451843
MAXVIL,20200303,47.7,48.95,45.65,47.4,62899
MAYURUNIQ,20200303,247.3,254.75,243.15,249.05,41849
MAZDA,20200303,417.0,434.0,414.0,424.25,3135
MBAPL,20200303,68.0,68.0,68.0,68.0,2050
MBECL,20200303,3.0,3.25,2.95,3.0,13077
MBLINFRA,20200303,3.15,3.25,3.0,3.05,20051
MCDHOLDING,20200303,16.1,17.25,15.75,16.05,20930
MCDOWELL-N,20200303,666.95,687.0,663.05,667.45,2133475
MCLEODRUSS,20200303,2.85,2.9,2.8,2.8,766234
MCX,20200303,1265.0,1333.0,1247.7,1318.3,438529
MEGASOFT,20200303,6.55,7.2,6.55,7.05,66232
MEGH,20200303,52.4,52.8,51.0,52.15,421251
MENONBE,20200303,50.7,58.35,48.55,51.45,13048
MEP,20200303,31.5,36.4,30.0,35.55,610549
MERCATOR,20200303,0.65,0.7,0.65,0.7,750031
METALFORGE,20200303,5.2,5.5,5.05,5.05,7049
METKORE,20200303,0.25,0.25,0.2,0.2,602
METROPOLIS,20200303,1949.8,2109.0,1922.55,1992.0,222162
MFSL,20200303,575.1,594.15,575.1,591.4,2342889
MGL,20200303,1010.0,1069.0,1010.0,1033.5,1896743
MHRIL,20200303,215.5,222.9,214.05,217.2,34336
MIC,20200303,0.55,0.6,0.55,0.55,24754
MIDHANI,20200303,246.0,265.7,230.1,248.4,4639044
MINDACORP,20200303,101.8,103.8,98.6,100.6,104723
MINDAIND,20200303,365.1,370.0,365.0,367.95,158796
MINDTECK,20200303,19.15,21.9,18.15,19.1,10946
MINDTREE,20200303,1005.0,1021.0,954.0,989.05,1701580
MIRCELECTR,20200303,7.7,8.0,7.65,7.65,97297
MIRZAINT,20200303,54.65,56.05,54.0,54.75,102476
MMFL,20200303,390.0,394.85,364.2,371.0,11372
MMP,20200303,94.0,94.0,93.0,93.0,445
MMTC,20200303,17.3,17.55,16.8,17.05,617827
MODIRUBBER,20200303,24.25,24.25,24.2,24.25,398
MOHITIND,20200303,3.65,3.65,3.6,3.6,6329
MOHOTAIND,20200303,7.0,7.0,7.0,7.0,2444
MOIL,20200303,122.55,127.5,122.55,126.5,138690
MOLDTECH,20200303,43.65,45.5,43.2,43.25,5171
MOLDTKPAC,20200303,244.65,247.0,235.1,240.8,37818
MONTECARLO,20200303,201.0,207.0,195.0,196.9,15303
MORARJEE,20200303,12.3,12.45,11.75,12.3,3850
MOREPENLAB,20200303,11.9,12.25,11.5,11.7,524484
MOTHERSUMI,20200303,104.0,107.85,102.35,106.2,12389739
MOTILALOFS,20200303,737.8,758.15,733.0,746.5,71180
MOTOGENFIN,20200303,32.6,33.0,29.2,32.1,8998
MPHASIS,20200303,878.95,893.55,862.15,873.45,551864
MPSLTD,20200303,320.15,324.8,310.0,312.7,3520
MRF,20200303,66799.0,68558.35,65600.0,67740.7,8202
MRPL,20200303,37.4,38.65,37.4,38.05,440887
MSPL,20200303,4.65,5.05,4.65,4.7,6479
MSTCLTD,20200303,150.0,154.0,143.1,147.2,769187
MTEDUCARE,20200303,11.05,11.15,10.5,10.85,84710
MTNL,20200303,8.25,8.45,8.0,8.05,358527
MUKANDENGG,20200303,10.35,10.35,9.25,9.5,2549
MUKANDLTD,20200303,28.0,28.9,26.2,27.15,31224
MUKTAARTS,20200303,32.55,33.9,32.3,32.45,3422
MUNJALAU,20200303,36.05,37.55,35.25,36.75,78279
MUNJALSHOW,20200303,102.95,104.55,99.5,102.35,14624
MURUDCERA,20200303,13.7,14.4,13.7,14.05,20683
MUTHOOTCAP,20200303,482.6,513.75,482.6,507.75,7222
MUTHOOTFIN,20200303,859.0,876.9,846.2,866.0,2390316
N100,20200303,629.7,644.9,625.05,642.97,33079
NACLIND,20200303,30.85,30.9,29.0,30.3,57445
NAGAFERT,20200303,4.3,4.3,4.3,4.3,30586
NAGREEKCAP,20200303,7.45,7.45,6.45,7.15,135
NAGREEKEXP,20200303,12.8,12.8,11.95,12.4,2630
NAHARCAP,20200303,65.3,68.9,64.5,67.5,725
NAHARINDUS,20200303,22.3,25.6,22.3,23.15,2826
NAHARPOLY,20200303,36.55,37.55,36.0,36.5,10510
NAHARSPING,20200303,37.6,37.85,35.1,35.7,6685
NAM-INDIA,20200303,401.0,413.95,395.0,405.05,2388199
NATCOPHARM,20200303,609.9,625.0,598.05,618.5,110403
NATHBIOGEN,20200303,316.1,350.05,316.1,326.35,30855
NATIONALUM,20200303,32.8,35.05,32.4,34.45,10392093
NATNLSTEEL,20200303,1.65,1.65,1.65,1.65,675
NAUKRI,20200303,2715.2,2805.0,2714.5,2788.8,369971
NAVINFLUOR,20200303,1422.0,1466.0,1376.7,1414.35,223879
NAVKARCORP,20200303,26.7,27.0,25.75,26.0,94255
NAVNETEDUL,20200303,84.5,84.85,82.15,83.5,34800
NBCC,20200303,26.4,27.4,26.1,26.9,7344278
NBIFIN,20200303,1800.0,1800.0,1755.0,1755.0,411
NBVENTURES,20200303,66.75,69.1,66.55,67.15,47204
NCC,20200303,36.6,38.4,35.6,37.35,31719990
NCLIND,20200303,72.9,74.45,70.1,73.8,77647
NDGL,20200303,515.05,518.4,500.0,507.5,309
NDL,20200303,20.1,20.95,19.5,20.35,43255
NDTV,20200303,31.45,31.5,30.55,31.1,11817
NECCLTD,20200303,4.55,5.2,4.55,5.05,40784
NECLIFE,20200303,11.0,11.45,10.85,10.95,62886
NELCAST,20200303,37.25,37.4,34.5,35.75,31457
NELCO,20200303,228.0,232.0,223.0,227.4,89043
NEOGEN,20200303,469.9,500.0,441.8,456.7,134196
NESCO,20200303,692.35,709.9,657.8,671.3,65389
NESTLEIND,20200303,16130.25,16499.0,16130.25,16359.4,93372
NETF,20200303,114.0,114.71,113.7,114.65,28
NETFCONSUM,20200303,54.0,54.0,50.1,52.24,2374
NETFDIVOPP,20200303,27.03,27.42,27.03,27.31,427
NETFLTGILT,20200303,20.77,20.82,20.76,20.76,29930
NETFMID150,20200303,65.0,65.0,62.65,63.59,143721
NETFNIF100,20200303,118.0,118.0,116.88,117.0,17
NETFNV20,20200303,56.0,56.0,54.14,55.16,12818
NETWORK18,20200303,26.65,27.65,25.45,26.3,351611
NEULANDLAB,20200303,412.35,417.85,395.55,407.2,14670
NEWGEN,20200303,202.0,207.0,197.0,199.2,14494
NEXTMEDIA,20200303,6.15,6.15,6.15,6.15,100
NFL,20200303,22.5,22.8,22.05,22.55,151855
NH,20200303,337.9,339.0,316.05,320.25,11209626
NHPC,20200303,21.1,23.4,21.1,22.85,11817070
NIACL,20200303,110.3,111.7,107.0,109.6,180975
NIBL,20200303,4.8,5.25,4.8,5.25,566
NIFTYBEES,20200303,119.44,121.01,118.55,120.4,1810345
NIITLTD,20200303,91.0,92.35,89.7,91.75,296071
NIITTECH,20200303,1808.6,1917.1,1806.15,1901.7,1483311
NILAINFRA,20200303,3.8,4.15,3.8,3.95,181266
NILASPACES,20200303,0.95,0.95,0.9,0.9,67512
NILKAMAL,20200303,1407.0,1410.0,1372.25,1390.7,12988
NIPPOBATRY,20200303,520.05,540.0,497.0,538.6,3662
NITCO,20200303,20.55,21.65,19.1,19.9,50748
NITINFIRE,20200303,0.4,0.4,0.35,0.4,52000
NITINSPIN,20200303,45.95,47.9,45.15,45.95,18151
NKIND,20200303,12.3,12.3,12.15,12.15,200
NLCINDIA,20200303,60.5,62.65,59.1,62.0,4336364
NMDC,20200303,91.0,94.35,89.0,93.45,5764282
NOCIL,20200303,89.0,95.4,87.55,94.05,1354160
NOIDATOLL,20200303,3.35,3.5,3.35,3.45,23468
NPBET,20200303,162.3,163.66,161.33,161.95,137
NRAIL,20200303,219.85,227.95,214.0,216.25,10855
NRBBEARING,20200303,83.05,84.85,80.0,80.85,24223
NSIL,20200303,700.0,759.95,700.0,721.0,272
NTL,20200303,0.35,0.4,0.35,0.4,2500
NTPC,20200303,104.65,109.95,104.3,108.9,17194661
NUCLEUS,20200303,294.75,294.75,287.0,289.15,6321
NXTDIGITAL,20200303,357.95,358.0,345.05,348.55,1774
OAL,20200303,178.4,183.7,176.25,177.05,2006
OBEROIRLTY,20200303,524.0,524.7,506.7,516.6,222850
OCCL,20200303,884.9,885.0,851.35,882.35,4364
OFSS,20200303,2689.95,2720.0,2640.1,2660.55,20414
OIL,20200303,102.6,108.05,101.7,106.9,3670670
OILCOUNTUB,20200303,3.1,3.25,3.0,3.25,5263
OISL,20200303,2.45,2.5,2.25,2.5,30498
OLECTRA,20200303,112.0,115.1,107.0,109.45,90590
OMAXAUTO,20200303,31.75,32.95,31.2,31.7,16815
OMAXE,20200303,160.0,160.15,156.4,159.5,159010
OMKARCHEM,20200303,3.6,3.85,3.6,3.6,22218
OMMETALS,20200303,20.8,21.3,18.7,19.55,127336
ONEPOINT,20200303,23.0,23.0,21.6,22.55,23356
ONGC,20200303,90.9,94.0,89.65,93.35,24098468
ONMOBILE,20200303,23.6,24.1,23.6,23.95,39795
ONWARDTEC,20200303,59.85,60.0,55.9,56.45,8891
OPTIEMUS,20200303,20.8,21.65,19.95,19.95,44480
OPTOCIRCUI,20200303,2.7,2.75,2.6,2.65,124715
ORBTEXP,20200303,71.6,74.85,71.4,72.65,1376
ORICONENT,20200303,15.1,15.55,13.9,14.05,66488
ORIENTABRA,20200303,15.55,15.85,14.65,14.9,26169
ORIENTALTL,20200303,10.1,10.55,10.05,10.1,5590
ORIENTBANK,20200303,34.6,35.45,34.4,35.3,830607
ORIENTBELL,20200303,104.05,107.95,104.0,106.0,23482
ORIENTCEM,20200303,80.2,81.3,79.05,79.55,91150
ORIENTELEC,20200303,259.05,266.0,256.25,263.05,176549
ORIENTHOT,20200303,24.2,25.6,21.45,23.6,80214
ORIENTLTD,20200303,103.05,106.7,97.2,97.55,8376
ORIENTPPR,20200303,20.45,20.7,19.6,20.35,374091
ORIENTREF,20200303,225.1,231.0,218.6,229.55,749026
ORISSAMINE,20200303,1778.0,1825.0,1675.0,1725.05,26129
ORTEL,20200303,0.5,0.55,0.5,0.5,7663
ORTINLABSS,20200303,8.65,8.8,8.05,8.25,14833
OSWALAGRO,20200303,5.7,5.95,5.5,5.8,6121
PAEL,20200303,2.1,2.1,2.1,2.1,450
PAGEIND,20200303,21879.0,22300.0,21802.15,22091.0,39732
PAISALO,20200303,233.15,236.5,226.2,229.85,3596
PALREDTEC,20200303,14.2,15.0,14.2,14.95,541
PANACEABIO,20200303,109.8,111.0,106.55,108.5,14263
PANACHE,20200303,51.2,51.2,48.95,49.0,307
PANAMAPET,20200303,56.25,57.9,51.6,52.7,56375
PAPERPROD,20200303,264.8,265.0,256.85,261.0,25992
PARABDRUGS,20200303,1.15,1.15,1.1,1.1,1901
PARACABLES,20200303,5.75,6.35,5.75,6.2,61632
PARAGMILK,20200303,80.05,82.4,78.5,79.75,548177
PARSVNATH,20200303,1.8,1.9,1.8,1.85,42531
PATELENG,20200303,15.0,15.25,13.65,14.7,158616
PATINTLOG,20200303,15.6,15.95,15.0,15.1,3510
PATSPINLTD,20200303,2.7,2.7,2.7,2.7,3456
PCJEWELLER,20200303,15.1,15.45,14.3,14.45,3979166
PDMJEPAPER,20200303,13.85,14.85,13.25,13.8,78843
PDPL,20200303,2.8,2.8,2.8,2.8,20
PDSMFL,20200303,414.0,414.05,405.4,413.0,6818
PEARLPOLY,20200303,13.55,14.0,12.95,12.95,11065
PEL,20200303,1380.0,1462.0,1380.0,1447.0,3496272
PENIND,20200303,23.95,26.0,23.1,23.8,368015
PENINLAND,20200303,3.75,4.0,3.75,3.75,61355
PERSISTENT,20200303,699.0,713.8,692.4,708.0,47768
PETRONET,20200303,244.5,249.8,241.55,248.25,3019736
PFC,20200303,112.2,114.85,110.35,113.25,16973247
PFIZER,20200303,4247.1,4925.0,4247.1,4422.85,599746
PFOCUS,20200303,48.6,48.6,46.2,46.6,8885
PFS,20200303,12.6,12.75,12.3,12.35,491511
PGEL,20200303,64.0,66.3,63.8,63.8,9932
PGHH,20200303,10929.4,11083.3,10751.1,10852.0,4765
PGHL,20200303,4025.0,4190.0,3974.0,4002.8,19075
PGIL,20200303,128.0,131.95,123.8,128.0,7883
PHILIPCARB,20200303,107.0,110.0,106.3,108.8,385776
PHOENIXLTD,20200303,801.15,863.95,801.15,834.9,84869
PIDILITIND,20200303,1533.1,1554.95,1517.05,1538.6,421051
PIIND,20200303,1530.0,1580.0,1527.0,1548.1,131783
PILANIINVS,20200303,1670.0,1670.0,1566.05,1595.8,2597
PILITA,20200303,4.4,5.3,4.4,4.95,39245
PIONDIST,20200303,140.5,140.55,133.45,134.35,19757
PIONEEREMB,20200303,24.3,25.9,23.05,23.15,28398
PITTIENG,20200303,33.3,40.5,33.3,39.5,98016
PKTEA,20200303,109.8,109.8,104.45,109.8,16
PLASTIBLEN,20200303,190.0,190.45,185.0,188.3,4686
PNB,20200303,42.75,45.0,42.75,44.5,30389904
PNBGILTS,20200303,29.25,30.75,29.25,30.35,178776
PNBHOUSING,20200303,340.25,349.0,335.0,341.75,682325
PNC,20200303,13.7,13.95,13.3,13.8,2285
PNCINFRA,20200303,175.0,184.7,172.0,180.55,188802
PODDARHOUS,20200303,292.4,292.4,268.0,273.5,354
PODDARMENT,20200303,175.0,175.0,165.4,168.5,4070
POKARNA,20200303,78.65,79.55,77.1,77.85,10978
POLYCAB,20200303,1077.0,1086.0,1020.0,1050.9,281317
POLYMED,20200303,293.0,298.8,273.4,293.65,109557
POLYPLEX,20200303,483.1,494.75,483.0,486.2,23160
PONNIERODE,20200303,139.7,139.9,131.1,132.6,1774
POWERGRID,20200303,183.8,194.7,182.05,191.7,9022112
POWERMECH,20200303,679.0,698.9,643.5,661.5,21894
PPAP,20200303,176.0,186.0,176.0,180.6,9439
PPL,20200303,53.2,55.7,47.1,55.05,151004
PRABHAT,20200303,72.95,74.95,70.3,70.9,23551
PRADIP,20200303,0.45,0.45,0.35,0.45,1059
PRAENG,20200303,5.7,6.25,5.7,6.15,23345
PRAJIND,20200303,94.0,96.65,91.2,94.75,656090
PRAKASH,20200303,37.9,38.45,37.15,38.2,377310
PRAKASHSTL,20200303,0.2,0.2,0.2,0.2,300
PRECAM,20200303,34.7,36.0,34.7,35.6,12408
PRECOT,20200303,31.9,31.95,31.8,31.95,4001
PRECWIRE,20200303,127.6,130.75,119.0,120.85,9735
PREMEXPLN,20200303,112.4,113.8,104.5,106.45,10759
PREMIER,20200303,1.75,1.75,1.75,1.75,25
PREMIERPOL,20200303,22.1,23.4,22.0,23.2,2703
PRESSMN,20200303,19.05,19.8,18.5,19.15,47433
PRESTIGE,20200303,305.9,332.0,305.85,318.85,730470
PRICOLLTD,20200303,35.55,37.5,34.05,35.85,58660
PRIMESECU,20200303,35.0,38.45,33.1,37.6,24092
PRINCEPIPE,20200303,158.8,164.5,158.15,160.55,281616
PROSEED,20200303,0.25,0.25,0.25,0.25,10000
PROZONINTU,20200303,16.5,17.0,16.0,16.45,69149
PRSMJOHNSN,20200303,61.3,61.45,59.15,59.6,153311
PSB,20200303,15.35,15.9,15.1,15.2,39073
PSL,20200303,0.5,0.55,0.5,0.5,9319
PSPPROJECT,20200303,504.0,505.15,482.0,489.15,11988
PSUBNKBEES,20200303,20.75,20.82,20.4,20.74,51641
PTC,20200303,47.95,48.55,47.0,47.4,614585
PTL,20200303,35.7,37.7,35.7,37.5,28655
PUNJABCHEM,20200303,430.0,439.85,427.05,436.35,3420
PUNJLLOYD,20200303,1.05,1.1,1.05,1.05,121071
PURVA,20200303,54.0,54.95,50.1,51.35,40288
PVR,20200303,1740.0,1818.0,1692.4,1736.75,2468152
QGOLDHALF,20200303,1838.0,1845.15,1837.0,1843.8,1915
QNIFTY,20200303,1163.0,1163.0,1153.0,1153.0,68
QUESS,20200303,503.3,517.45,503.3,514.2,82217
QUICKHEAL,20200303,112.05,115.7,110.0,113.15,143280
RADAAN,20200303,1.15,1.15,1.15,1.15,12
RADICO,20200303,403.6,410.3,386.25,399.7,576834
RADIOCITY,20200303,26.85,27.0,26.4,26.9,98094
RAIN,20200303,99.0,100.65,97.05,98.45,864929
RAJESHEXPO,20200303,674.85,682.0,667.0,675.7,56784
RAJRAYON,20200303,0.05,0.05,0.05,0.05,265581
RAJSREESUG,20200303,13.0,15.0,13.0,14.1,17822
RAJTV,20200303,38.15,38.4,34.65,37.65,7061
RALLIS,20200303,224.7,228.0,215.65,225.0,391415
RAMANEWS,20200303,12.8,13.25,12.55,12.7,15022
RAMASTEEL,20200303,36.8,37.4,32.8,33.2,4880
RAMCOCEM,20200303,762.0,792.3,745.2,776.3,377172
RAMCOIND,20200303,174.0,177.45,161.0,163.65,27984
RAMCOSYS,20200303,128.35,131.0,124.5,130.1,28673
RAMKY,20200303,28.45,28.55,26.2,26.9,31925
RAMSARUP,20200303,0.25,0.25,0.25,0.25,40
RANASUG,20200303,3.7,3.9,3.7,3.85,99581
RANEENGINE,20200303,199.4,199.4,181.3,182.15,873
RANEHOLDIN,20200303,600.0,606.35,588.0,588.8,7640
RATNAMANI,20200303,1321.1,1365.0,1300.05,1341.75,15452
RAYMOND,20200303,490.0,503.85,480.0,494.0,242618
RBL,20200303,503.0,503.0,475.0,479.9,9683
RBLBANK,20200303,288.95,296.5,283.6,292.1,8623424
RCF,20200303,38.55,38.95,37.7,38.15,700101
RCOM,20200303,0.75,0.75,0.65,0.7,9920396
RECLTD,20200303,119.7,121.4,116.45,119.75,7462420
REDINGTON,20200303,109.85,109.85,104.05,108.05,408297
REFEX,20200303,59.0,61.7,55.9,55.9,203703
RELAXO,20200303,695.0,703.0,690.05,697.4,260659
RELCAPITAL,20200303,6.5,6.65,6.15,6.2,3722109
RELIANCE,20200303,1329.7,1353.9,1322.0,1342.85,12525809
RELIGARE,20200303,37.9,38.6,35.35,36.2,274406
RELINFRA,20200303,18.4,19.4,18.15,18.9,2522045
REMSONSIND,20200303,69.5,69.5,59.9,63.85,4746
RENUKA,20200303,6.55,6.55,5.95,6.1,2446351
REPCOHOME,20200303,286.8,292.0,270.55,276.95,181716
REPRO,20200303,494.05,501.75,490.75,493.45,134
RESPONIND,20200303,88.0,89.1,81.6,87.65,83479
REVATHI,20200303,431.05,442.35,431.05,436.95,1226
RGL,20200303,369.95,385.0,360.05,382.7,6798
RHFL,20200303,1.35,1.35,1.35,1.35,261931
RICOAUTO,20200303,30.4,31.45,30.0,31.0,298105
RIIL,20200303,315.0,325.0,310.2,316.45,410374
RITES,20200303,296.0,298.8,290.25,291.7,358339
RKDL,20200303,7.0,8.0,6.9,6.9,69452
RKFORGE,20200303,265.1,283.55,265.1,277.7,33289
RMCL,20200303,3.55,3.55,3.55,3.55,4384
RML,20200303,221.3,223.5,211.2,213.65,14829
RNAVAL,20200303,1.35,1.35,1.3,1.3,1053770
ROHITFERRO,20200303,0.35,0.35,0.3,0.3,39650
ROHLTD,20200303,59.7,59.7,55.3,58.05,31121
ROLLT,20200303,1.4,1.65,1.35,1.6,13636
ROLTA,20200303,2.95,2.95,2.85,2.85,293758
ROSSELLIND,20200303,54.05,56.6,54.05,56.6,1114
RPGLIFE,20200303,235.55,246.95,232.95,234.55,88926
RPOWER,20200303,1.65,1.65,1.65,1.65,1645320
RPPINFRA,20200303,41.35,47.45,41.0,43.95,286313
RSSOFTWARE,20200303,20.85,20.85,19.2,19.8,8077
RSWM,20200303,92.05,94.6,90.3,91.3,14400
RSYSTEMS,20200303,90.7,92.0,88.05,90.15,37890
RTNPOWER,20200303,2.35,2.35,2.35,2.35,215269
RUBYMILLS,20200303,180.0,185.5,176.55,178.05,804
RUCHI,20200303,68.35,68.35,68.35,68.35,430
RUCHINFRA,20200303,2.35,2.45,2.25,2.35,9097
RUCHIRA,20200303,51.0,52.05,47.1,48.65,85557
RUPA,20200303,183.65,190.9,181.3,186.25,13316
RUSHIL,20200303,117.2,121.4,105.8,108.1,20572
RVNL,20200303,20.25,20.45,19.6,20.1,6739498
SABTN,20200303,1.4,1.4,1.25,1.3,3383
SADBHAV,20200303,71.5,71.7,67.2,67.65,127364
SADBHIN,20200303,23.0,23.5,22.5,23.2,70125
SAFARI,20200303,567.0,595.0,567.0,580.55,6395
SAGCEM,20200303,457.4,457.4,430.0,434.55,4990
SAIL,20200303,35.45,36.5,35.1,36.0,25225572
SAKAR,20200303,62.1,62.1,59.5,60.3,5485
SAKHTISUG,20200303,7.75,8.15,7.3,7.6,85503
SAKSOFT,20200303,185.0,194.4,183.5,193.3,2687
SAKUMA,20200303,5.3,5.65,5.3,5.5,85658
SALASAR,20200303,112.5,116.35,110.0,113.0,41052
SALONA,20200303,58.55,64.8,57.15,58.0,758
SALSTEEL,20200303,2.45,2.65,2.45,2.65,1544
SALZERELEC,20200303,97.2,98.8,95.0,96.7,5908
SAMBHAAV,20200303,1.9,1.9,1.65,1.85,95386
SANCO,20200303,11.7,11.8,11.0,11.6,83856
SANDESH,20200303,554.05,573.95,549.0,560.0,187
SANDHAR,20200303,238.0,250.5,234.15,235.6,2238
SANGAMIND,20200303,50.0,51.35,48.95,51.35,9947
SANGHIIND,20200303,31.0,32.8,30.8,31.9,36272
SANGHVIFOR,20200303,14.1,15.25,14.1,14.5,3067
SANGHVIMOV,20200303,104.8,106.25,98.35,101.8,30375
SANGINITA,20200303,132.35,145.0,132.35,142.95,69076
SANOFI,20200303,7429.0,7548.0,7265.0,7390.55,57742
SANWARIA,20200303,1.35,1.35,1.3,1.3,862154
SARDAEN,20200303,172.6,175.7,165.0,171.4,24825
SAREGAMA,20200303,345.0,361.75,342.0,347.0,7823
SARLAPOLY,20200303,19.9,20.5,19.55,20.25,29703
SASKEN,20200303,586.95,589.95,570.0,577.3,4063
SASTASUNDR,20200303,72.45,72.45,67.0,68.15,2192
SATHAISPAT,20200303,1.45,1.45,1.45,1.45,10718
SATIA,20200303,96.05,99.85,94.5,96.7,23801
SATIN,20200303,177.15,182.6,172.15,173.7,30306
SBIETFQLTY,20200303,97.0,98.0,94.0,96.57,804
SBILIFE,20200303,903.05,914.0,892.05,899.85,615494
SBIN,20200303,293.0,294.4,285.3,289.85,61949382
SCAPDVR,20200303,0.2,0.2,0.15,0.15,27021
SCHAEFFLER,20200303,4311.0,4420.55,4311.0,4378.15,5291
SCHAND,20200303,72.0,72.0,65.7,65.8,34566
SCHNEIDER,20200303,91.7,93.8,86.6,91.85,218378
SCI,20200303,44.0,46.35,43.25,43.8,1113946
SDBL,20200303,99.55,99.55,91.35,92.55,14936
SEAMECLTD,20200303,405.0,405.0,387.0,394.75,23217
SELAN,20200303,112.55,112.95,107.25,109.1,20510
SELMCL,20200303,0.65,0.7,0.65,0.65,9182
SEPOWER,20200303,2.15,2.25,2.05,2.15,5455
SEQUENT,20200303,86.0,87.9,82.8,83.8,487032
SESHAPAPER,20200303,142.45,143.9,137.5,139.4,15222
SETCO,20200303,8.5,8.9,8.1,8.15,177622
SETF10GILT,20200303,188.99,188.99,170.8,179.3,2563
SETFGOLD,20200303,3771.95,3790.95,3760.0,3775.9,6189
SETFNIF50,20200303,117.9,117.9,115.65,116.94,782695
SETFNIFBK,20200303,300.9,303.8,292.3,296.34,222848
SETFNN50,20200303,279.1,284.0,273.0,278.76,6845
SETUINFRA,20200303,0.7,0.75,0.7,0.7,64357
SEYAIND,20200303,71.0,73.95,70.0,70.6,4589
SFL,20200303,1667.45,1693.9,1601.2,1641.5,7932
SGL,20200303,6.35,6.8,6.35,6.5,5542
SHAHALLOYS,20200303,6.95,6.95,6.95,6.95,11
SHAKTIPUMP,20200303,205.0,208.55,198.0,204.05,53177
SHALBY,20200303,83.85,84.5,80.6,81.1,81924
SHALPAINTS,20200303,92.75,92.75,85.0,87.7,114727
SHANKARA,20200303,466.45,479.0,443.0,449.4,50078
SHANTIGEAR,20200303,87.3,90.0,87.3,88.35,4055
SHARDACROP,20200303,214.15,214.15,208.0,209.85,6780
SHARDAMOTR,20200303,811.0,828.8,803.4,816.9,608
SHARIABEES,20200303,253.0,253.0,249.58,252.2,460
SHEMAROO,20200303,56.5,58.0,56.2,56.2,37645
SHIL,20200303,130.7,132.0,122.0,127.75,126846
SHILPAMED,20200303,464.0,464.0,426.0,431.6,34664
SHIRPUR-G,20200303,9.6,9.6,9.2,9.6,6804
SHIVAMAUTO,20200303,16.65,17.5,16.05,16.85,78923
SHIVAMILLS,20200303,29.7,29.7,26.75,27.15,4325
SHIVATEX,20200303,77.6,81.0,75.1,76.95,1182
SHK,20200303,102.4,103.4,99.0,99.4,34722
SHOPERSTOP,20200303,379.95,381.9,368.6,378.55,27264
SHREDIGCEM,20200303,30.15,31.7,30.05,31.2,594497
SHREECEM,20200303,23299.95,23844.95,23050.0,23593.15,28737
SHREEPUSHK,20200303,106.0,113.75,104.65,105.5,51427
SHREERAMA,20200303,4.65,5.05,4.65,5.05,501
SHRENIK,20200303,32.4,34.1,29.85,32.95,99364
SHREYANIND,20200303,98.7,98.7,90.75,92.05,9438
SHREYAS,20200303,66.25,66.25,61.2,63.0,5873
SHRIPISTON,20200303,631.0,631.0,603.25,624.8,539
SHRIRAMCIT,20200303,1430.0,1450.0,1425.0,1427.05,1083
SHRIRAMEPC,20200303,3.4,3.55,3.35,3.35,73320
SHYAMCENT,20200303,2.35,2.55,2.35,2.5,9339
SICAGEN,20200303,13.9,14.2,12.65,13.35,36668
SICAL,20200303,9.8,10.0,9.15,10.0,141476
SIEMENS,20200303,1319.15,1362.75,1301.15,1356.45,556071
SIGIND,20200303,19.2,20.3,18.5,19.6,9658
SIL,20200303,10.4,10.5,10.4,10.4,869
SILINV,20200303,129.45,133.95,129.0,129.4,413
SIMBHALS,20200303,5.8,5.8,5.5,5.5,8631
SIMPLEXINF,20200303,47.6,47.6,47.6,47.6,31467
SINTEX,20200303,0.7,0.7,0.65,0.7,1314531
SIRCA,20200303,320.95,327.0,313.5,316.6,6192
SIS,20200303,550.0,571.75,538.0,541.45,36924
SITINET,20200303,0.75,0.8,0.7,0.75,374922
SIYSIL,20200303,223.6,228.5,221.25,226.55,8145
SJVN,20200303,22.7,23.6,22.65,23.35,2392348
SKFINDIA,20200303,1900.0,1961.55,1856.3,1876.25,63194
SKIL,20200303,4.0,4.0,3.75,3.85,11768
SKIPPER,20200303,34.85,35.0,33.7,33.85,28672
SKMEGGPROD,20200303,26.0,26.0,23.2,24.3,35556
SMARTLINK,20200303,73.95,79.8,72.2,73.65,4424
SMLISUZU,20200303,493.8,497.9,470.0,475.15,37481
SMPL,20200303,0.1,0.2,0.1,0.2,29437
SMSLIFE,20200303,252.95,252.95,230.0,235.75,1728
SMSPHARMA,20200303,37.05,37.05,36.25,36.75,9552
SNOWMAN,20200303,43.2,43.45,42.85,43.3,1097694
SOBHA,20200303,305.0,330.0,302.8,319.3,245474
SOLARA,20200303,612.0,646.0,603.0,633.9,83730
SOLARINDS,20200303,1147.7,1169.95,1130.55,1139.55,514553
SOMANYCERA,20200303,178.75,179.35,170.0,171.55,17060
SOMATEX,20200303,1.9,2.0,1.9,1.9,10298
SOMICONVEY,20200303,11.95,11.95,10.35,10.85,2247
SONATSOFTW,20200303,335.4,342.5,335.4,341.3,193695
SORILINFRA,20200303,95.6,100.1,95.0,99.65,73838
SOTL,20200303,779.95,799.95,760.0,765.5,586
SOUTHBANK,20200303,9.05,9.15,8.85,8.85,4719019
SOUTHWEST,20200303,17.0,17.5,17.0,17.45,4509
SPAL,20200303,151.3,154.9,142.05,145.35,41751
SPANDANA,20200303,1075.15,1128.0,1060.25,1104.5,28043
SPARC,20200303,144.0,149.0,142.0,148.05,603060
SPCENET,20200303,0.85,0.85,0.85,0.85,23400
SPECIALITY,20200303,49.5,53.5,49.1,52.2,137963
SPENCERS,20200303,87.4,89.6,83.1,87.1,1560853
SPENTEX,20200303,0.3,0.3,0.25,0.25,2333
SPIC,20200303,16.7,17.6,16.1,16.4,37701
SPICEJET,20200303,77.0,78.65,73.0,74.35,2895405
SPLIL,20200303,24.0,24.35,23.9,24.2,12404
SPMLINFRA,20200303,9.1,9.1,8.75,8.9,18717
SPTL,20200303,0.8,0.8,0.7,0.75,1858217
SPYL,20200303,0.4,0.4,0.35,0.4,383737
SREEL,20200303,143.35,154.4,143.35,150.7,101763
SREINFRA,20200303,7.65,7.75,7.15,7.4,1136645
SRF,20200303,3944.0,4005.9,3875.0,3996.95,229186
SRHHYPOLTD,20200303,120.3,128.0,118.2,120.25,11621
SRIPIPES,20200303,192.8,201.0,190.25,193.7,201290
SRTRANSFIN,20200303,1285.75,1304.75,1251.0,1257.1,1656709
SSWL,20200303,713.8,713.8,693.0,703.25,2921
STAMPEDE,20200303,0.4,0.4,0.35,0.4,91596
STAR,20200303,444.0,474.0,441.05,465.85,539768
STARCEMENT,20200303,88.4,88.4,85.2,86.25,61599
STARPAPER,20200303,112.0,113.0,106.8,108.9,92233
STCINDIA,20200303,45.0,45.5,41.95,43.45,21410
STEELCITY,20200303,27.15,27.7,24.7,25.1,14167
STEELXIND,20200303,21.5,22.7,21.1,21.85,13877
STEL,20200303,57.0,58.85,54.45,56.25,5284
STERTOOLS,20200303,201.0,206.0,192.15,199.45,13829
STINDIA,20200303,3.8,3.8,3.8,3.8,60
STRTECH,20200303,88.7,93.8,87.2,92.05,1426046
SUBCAPCITY,20200303,5.35,5.35,5.35,5.35,5592
SUBEX,20200303,5.75,6.0,5.5,5.75,522538
SUBROS,20200303,238.5,239.35,229.2,232.05,15558
SUDARSCHEM,20200303,457.25,470.0,456.0,463.6,262479
SUJANAUNI,20200303,0.15,0.2,0.1,0.15,70999
SUMEETINDS,20200303,1.65,1.65,1.65,1.65,49771
SUMICHEM,20200303,259.0,259.8,246.2,247.55,299516
SUMIT,20200303,15.3,15.3,15.3,15.3,4
SUMMITSEC,20200303,405.05,425.0,405.05,420.0,463
SUNCLAYLTD,20200303,1940.65,1980.45,1925.0,1943.95,582
SUNDARAM,20200303,1.5,1.6,1.5,1.6,84245
SUNDARMFIN,20200303,1565.05,1573.2,1486.5,1552.05,32674
SUNDARMHLD,20200303,59.3,59.3,54.9,55.35,49356
SUNDRMBRAK,20200303,270.0,273.95,251.0,253.35,4404
SUNDRMFAST,20200303,415.0,419.9,411.0,414.35,523751
SUNFLAG,20200303,34.85,36.4,34.4,35.95,89359
SUNPHARMA,20200303,374.0,396.4,373.25,393.55,14474553
SUNTECK,20200303,347.4,355.0,336.95,350.0,173201
SUNTV,20200303,425.0,436.0,413.4,431.85,2651898
SUPERHOUSE,20200303,81.05,82.9,78.05,80.15,1492
SUPERSPIN,20200303,2.85,3.0,2.85,3.0,16353
SUPPETRO,20200303,155.45,155.5,150.0,151.05,14195
SUPRAJIT,20200303,194.1,199.5,194.1,198.6,51968
SUPREMEIND,20200303,1300.3,1326.05,1281.35,1301.75,40199
SUPREMEINF,20200303,17.75,19.0,17.7,17.8,7827
SURANASOL,20200303,6.1,6.65,6.1,6.3,11901
SURANAT&P,20200303,3.9,3.9,3.4,3.8,22575
SURYALAXMI,20200303,19.45,19.5,16.9,17.35,5790
SURYAROSNI,20200303,151.2,160.0,147.0,147.9,48420
SUTLEJTEX,20200303,28.9,30.1,28.6,29.25,21235
SUVEN,20200303,56.0,56.0,56.0,56.0,44461
SUZLON,20200303,2.9,2.9,2.7,2.75,10186884
SWANENERGY,20200303,117.95,122.3,114.0,118.75,64271
SWARAJENG,20200303,1245.0,1277.0,1245.0,1270.55,4712
SWELECTES,20200303,113.75,114.2,103.0,104.5,5805
SWSOLAR,20200303,160.95,164.4,145.25,150.1,318667
SYMPHONY,20200303,1318.0,1344.0,1295.0,1313.7,28953
SYNCOM,20200303,0.55,0.6,0.55,0.55,2174
SYNDIBANK,20200303,19.0,19.15,18.65,18.9,1467508
SYNGENE,20200303,296.5,297.4,285.7,293.85,129738
TAINWALCHM,20200303,48.55,51.45,47.55,50.25,2357
TAJGVK,20200303,145.0,145.0,140.85,142.95,16209
TAKE,20200303,87.1,88.7,83.05,84.4,104562
TALBROAUTO,20200303,106.0,116.65,104.9,112.15,16516
TALWALKARS,20200303,1.65,1.65,1.6,1.6,7424
TALWGYM,20200303,0.95,0.95,0.95,0.95,18217
TANLA,20200303,68.95,72.0,68.05,69.55,240443
TARAPUR,20200303,3.0,3.0,2.95,3.0,711
TARMAT,20200303,34.35,35.5,34.0,35.05,3209
TASTYBITE,20200303,12325.0,12325.0,11850.0,11984.15,602
TATACHEM,20200303,708.9,733.0,702.1,724.45,2400104
TATACOFFEE,20200303,78.95,80.35,78.3,79.45,306919
TATACOMM,20200303,364.3,367.45,351.05,360.55,66250
TATACONSUM,20200303,340.6,357.7,340.6,355.3,4204156
TATAELXSI,20200303,962.25,1071.25,940.45,1037.85,1462319
TATAINVEST,20200303,896.25,909.55,885.0,889.6,29435
TATAMETALI,20200303,613.0,620.0,595.0,605.6,14483
TATAMOTORS,20200303,127.5,131.4,125.25,130.35,86765576
TATAMTRDVR,20200303,54.9,56.9,54.7,55.95,2542550
TATAPOWER,20200303,44.35,45.05,43.4,44.4,11775256
TATASTEEL,20200303,373.5,391.0,370.1,387.55,18648933
TATASTLBSL,20200303,23.8,24.65,23.25,24.4,800612
TATASTLLP,20200303,333.8,340.4,332.95,338.05,30703
TBZ,20200303,30.0,32.25,28.85,30.1,179747
TCI,20200303,217.05,239.0,217.05,230.15,113183
TCIDEVELOP,20200303,314.0,351.8,301.1,351.8,30
TCIEXP,20200303,829.5,829.5,767.55,805.95,19604
TCIFINANCE,20200303,5.45,5.9,5.45,5.55,7545
TCNSBRANDS,20200303,590.3,600.0,555.5,591.05,9407
TCPLPACK,20200303,263.0,274.0,257.0,268.85,6292
TCS,20200303,2020.0,2060.0,2012.0,2036.2,2757585
TDPOWERSYS,20200303,155.2,161.9,155.1,156.7,12488
TEAMLEASE,20200303,2344.95,2405.0,2327.55,2387.6,3313
TECHM,20200303,750.0,757.65,742.1,752.3,2168900
TECHNOE,20200303,296.1,300.0,294.9,299.65,4967
TECHNOFAB,20200303,8.9,8.9,8.9,8.9,3424
TEJASNET,20200303,52.95,56.0,51.5,53.1,168073
TERASOFT,20200303,21.5,22.5,20.3,20.75,3824
TEXINFRA,20200303,39.2,41.0,38.1,39.55,28760
TEXMOPIPES,20200303,13.05,13.95,12.5,12.85,34152
TEXRAIL,20200303,25.0,25.6,23.55,24.9,181088
TFCILTD,20200303,64.9,65.55,62.3,62.6,71055
TGBHOTELS,20200303,3.2,3.25,3.0,3.25,6875
THANGAMAYL,20200303,460.0,464.9,430.1,444.0,16499
THEINVEST,20200303,113.0,113.0,110.0,111.95,6055
THEMISMED,20200303,379.0,379.0,346.5,364.0,3667
THERMAX,20200303,902.0,919.95,889.0,894.35,17285
THOMASCOOK,20200303,46.65,47.7,46.65,47.1,533638
THYROCARE,20200303,620.0,620.0,586.1,596.8,164853
TI,20200303,17.05,18.0,16.65,17.0,53328
TIDEWATER,20200303,4374.3,4440.0,4326.0,4335.45,1290
TIIL,20200303,271.05,295.1,271.05,289.75,22819
TIINDIA,20200303,560.0,561.45,500.0,527.8,99395
TIJARIA,20200303,4.8,5.1,4.8,4.9,2899
TIL,20200303,162.0,163.45,154.9,162.05,2376
TIMESGTY,20200303,27.8,28.9,25.6,27.3,770
TIMETECHNO,20200303,46.95,47.8,45.6,46.85,104386
TIMKEN,20200303,926.1,975.5,926.1,973.1,33344
TINPLATE,20200303,130.8,137.0,123.3,125.5,1324247
TIPSINDLTD,20200303,124.0,125.9,121.3,122.15,2215
TIRUMALCHM,20200303,59.0,64.95,59.0,64.05,641297
TITAN,20200303,1248.2,1272.0,1225.0,1247.0,2660100
TMRVL,20200303,8.9,8.9,8.15,8.25,8080
TNPETRO,20200303,33.45,34.05,32.3,32.55,54158
TNPL,20200303,164.0,165.95,153.0,156.95,128299
TNTELE,20200303,1.35,1.35,1.35,1.35,41
TOKYOPLAST,20200303,58.25,63.6,58.0,62.0,5989
TORNTPHARM,20200303,2127.25,2156.85,2090.5,2145.75,394502
TORNTPOWER,20200303,318.0,322.0,312.0,318.6,1668834
TOUCHWOOD,20200303,73.5,76.9,71.0,71.55,14681
TPLPLASTEH,20200303,107.45,108.0,103.0,104.55,4404
TREEHOUSE,20200303,4.4,4.6,4.3,4.35,8870
TREJHARA,20200303,7.5,7.7,7.0,7.7,7508
TRENT,20200303,734.95,754.0,720.0,725.95,338626
TRF,20200303,94.0,96.0,92.1,93.55,26009
TRIDENT,20200303,5.5,5.6,5.45,5.45,2284021
TRIGYN,20200303,37.65,39.1,37.0,37.85,43285
TRIL,20200303,7.35,8.0,7.25,7.85,125840
TRITURBINE,20200303,93.95,94.5,90.25,93.65,22394
TRIVENI,20200303,63.95,63.95,60.3,61.5,418140
TTKHLTCARE,20200303,445.7,463.5,429.3,433.55,1461
TTKPRESTIG,20200303,5788.8,5790.0,5651.1,5672.4,5860
TTL,20200303,40.35,41.95,38.3,40.45,5454
TTML,20200303,2.55,2.55,2.45,2.45,1079957
TV18BRDCST,20200303,22.7,23.15,22.25,22.5,1515906
TVSELECT,20200303,87.1,92.8,87.1,89.25,27320
TVSMOTOR,20200303,422.0,430.0,408.5,422.15,1973306
TVSSRICHAK,20200303,1492.75,1518.95,1478.0,1494.25,1616
TVTODAY,20200303,213.85,230.0,207.45,220.65,26822
TVVISION,20200303,1.1,1.1,1.1,1.1,1
TWL,20200303,42.85,43.5,41.9,42.55,529717
UBL,20200303,1229.5,1245.0,1205.0,1233.55,291160
UCALFUEL,20200303,106.6,107.85,103.95,106.0,6938
UCOBANK,20200303,12.85,12.85,12.2,12.35,392657
UFLEX,20200303,212.85,215.75,207.5,209.65,31202
UFO,20200303,131.95,134.9,128.1,133.5,556929
UGARSUGAR,20200303,12.7,13.2,12.6,12.9,66289
UJAAS,20200303,3.35,3.35,3.25,3.25,329454
UJJIVAN,20200303,333.1,343.9,332.2,341.3,1203216
UJJIVANSFB,20200303,48.7,49.7,48.0,48.8,1485021
ULTRACEMCO,20200303,4179.9,4329.0,4157.55,4299.9,606056
UMANGDAIRY,20200303,34.7,36.8,34.0,36.25,6493
UMESLTD,20200303,0.85,0.85,0.85,0.85,3001
UNICHEMLAB,20200303,133.35,137.2,129.3,132.8,45530
UNIENTER,20200303,67.85,69.0,64.65,65.75,2571
UNIONBANK,20200303,36.7,36.75,35.05,36.3,3306566
UNIPLY,20200303,7.55,7.55,7.2,7.3,118016
UNITECH,20200303,2.45,2.45,2.45,2.45,636554
UNITEDBNK,20200303,7.2,7.35,6.95,7.05,323580
UNITEDTEA,20200303,240.0,250.95,240.0,245.15,231
UNITY,20200303,0.25,0.25,0.2,0.25,75813
UNIVCABLES,20200303,135.1,138.15,126.55,132.45,15758
UNIVPHOTO,20200303,61.5,62.5,54.55,57.65,3123
UPL,20200303,519.9,526.65,512.55,521.55,2499968
URJA,20200303,1.45,1.45,1.35,1.35,973243
USHAMART,20200303,23.5,23.5,21.7,22.25,697461
UTINEXT50,20200303,280.87,280.87,274.45,276.45,241
UTINIFTETF,20200303,1194.1,1210.0,1189.85,1200.14,16026
UTISENSETF,20200303,440.0,440.0,402.0,407.98,4414
UTISXN50,20200303,307.9,307.9,306.9,307.2,4
UTTAMSTL,20200303,5.9,5.9,5.5,5.55,73734
UTTAMSUGAR,20200303,93.0,93.9,87.45,89.35,62488
UVSL,20200303,0.1,0.1,0.05,0.1,3760221
V2RETAIL,20200303,80.3,81.75,79.0,80.05,69633
VADILALIND,20200303,766.7,788.95,766.7,777.55,8335
VAIBHAVGBL,20200303,1070.0,1085.0,1041.0,1054.75,14650
VAISHALI,20200303,47.75,54.0,47.75,51.4,7136
VAKRANGEE,20200303,38.6,39.9,36.6,38.4,4571076
VARDHACRLC,20200303,31.4,32.1,31.35,31.45,3184
VARDMNPOLY,20200303,2.8,2.9,2.8,2.8,9589
VARROC,20200303,394.0,394.0,378.0,381.0,10860
VASCONEQ,20200303,13.4,13.9,12.75,12.8,220200
VASWANI,20200303,3.4,3.5,3.25,3.4,9034
VBL,20200303,809.0,830.0,807.05,821.9,239739
VEDL,20200303,114.25,121.0,113.65,119.55,36975433
VENKEYS,20200303,1278.0,1278.0,1175.0,1212.4,114672
VENUSREM,20200303,22.35,23.6,21.7,23.0,14090
VESUVIUS,20200303,1115.0,1145.4,1102.5,1110.35,1139
VETO,20200303,45.55,48.1,43.35,44.2,22614
VGUARD,20200303,204.0,205.95,195.1,204.35,199172
VHL,20200303,1318.95,1319.05,1241.0,1252.05,703
VICEROY,20200303,1.1,1.15,1.05,1.1,11067
VIDEOIND,20200303,1.75,1.75,1.75,1.75,12430
VIDHIING,20200303,64.8,65.5,63.1,65.0,54882
VIJIFIN,20200303,0.35,0.35,0.3,0.3,43088
VIKASECO,20200303,1.85,1.95,1.85,1.85,906630
VIKASMCORP,20200303,2.1,2.1,2.1,2.1,29910
VIKASPROP,20200303,9.45,9.45,9.45,9.45,157278
VIKASWSP,20200303,7.0,7.15,6.55,6.65,169264
VIMTALABS,20200303,93.55,100.0,92.7,93.4,27351
VINATIORGA,20200303,1015.0,1038.8,975.2,1013.25,61348
VINDHYATEL,20200303,771.0,797.95,756.0,771.8,1652
VINYLINDIA,20200303,59.3,60.0,58.1,58.5,7672
VIPCLOTHNG,20200303,6.55,6.8,6.3,6.75,102797
VIPIND,20200303,395.8,416.4,380.05,389.25,349824
VIPULLTD,20200303,17.55,18.75,17.55,18.35,1002
VISAKAIND,20200303,215.8,222.0,205.5,207.4,50273
VISASTEEL,20200303,3.3,3.65,3.3,3.45,7850
VISESHINFO,20200303,0.05,0.1,0.05,0.05,2795218
VISHAL,20200303,213.0,213.0,205.0,205.0,82
VISHNU,20200303,118.8,119.9,113.0,117.85,28328
VISHWARAJ,20200303,68.75,68.9,66.0,66.45,5345
VIVIDHA,20200303,0.25,0.3,0.25,0.3,16662
VIVIMEDLAB,20200303,10.85,11.25,10.1,10.9,91857
VLSFINANCE,20200303,51.95,53.35,51.1,51.3,10081
VMART,20200303,2099.0,2227.45,2074.45,2187.9,30325
VOLTAMP,20200303,1296.8,1296.8,1230.3,1276.85,6061
VOLTAS,20200303,677.0,695.45,665.3,690.85,1720245
VRLLOG,20200303,229.1,232.95,226.0,228.45,7789
VSSL,20200303,60.9,62.95,60.0,60.75,5187
VSTIND,20200303,4109.9,4195.0,4080.3,4157.7,1171
VSTTILLERS,20200303,1129.3,1129.35,1051.0,1076.25,6534
VTL,20200303,1025.0,1064.95,1015.1,1025.3,4803
WABAG,20200303,185.5,188.4,180.5,183.6,146341
WABCOINDIA,20200303,6702.0,6848.85,6702.0,6808.95,3325
WALCHANNAG,20200303,47.55,50.2,47.55,49.0,98987
WANBURY,20200303,27.95,27.95,26.6,26.6,16960
WATERBASE,20200303,110.0,111.05,106.6,108.1,188023
WEBELSOLAR,20200303,22.4,22.4,20.55,21.2,43831
WEIZFOREX,20200303,373.0,373.0,337.95,351.5,50
WEIZMANIND,20200303,20.5,21.65,19.7,19.7,7255
WELCORP,20200303,172.0,179.4,168.0,172.9,1207120
WELENT,20200303,61.2,63.5,59.5,61.85,217406
WELINV,20200303,167.75,169.5,167.25,169.05,200
WELSPUNIND,20200303,41.5,42.55,38.75,39.45,3956125
WENDT,20200303,2549.95,2550.0,2452.0,2494.05,192
WESTLIFE,20200303,455.0,459.0,439.25,451.6,140026
WHEELS,20200303,498.1,504.0,480.0,482.5,3705
WHIRLPOOL,20200303,2227.0,2227.0,2162.0,2222.95,130919
WILLAMAGOR,20200303,14.3,15.45,14.1,14.1,5145
WINDMACHIN,20200303,16.8,16.8,15.25,15.25,18381
WIPL,20200303,49.0,49.0,49.0,49.0,100
WIPRO,20200303,224.0,225.8,220.6,223.7,5173113
WOCKPHARMA,20200303,311.9,319.3,303.1,315.3,954112
WONDERLA,20200303,215.0,218.65,205.0,208.15,22637
WSI,20200303,1.3,1.3,1.3,1.3,23499
WSTCSTPAPR,20200303,210.0,212.0,207.6,210.25,31500
XCHANGING,20200303,47.25,48.6,47.0,47.2,16469
XELPMOC,20200303,52.25,55.0,51.0,53.7,740
XPROINDIA,20200303,22.95,22.95,20.75,21.1,1163
YESBANK,20200303,32.45,33.3,30.5,31.2,164268356
ZEEL,20200303,234.0,255.95,233.85,251.1,17982847
ZEELEARN,20200303,15.15,15.85,14.6,15.3,139615
ZEEMEDIA,20200303,4.75,4.75,4.4,4.45,311758
ZENITHEXPO,20200303,38.85,42.85,38.85,42.75,338
ZENSARTECH,20200303,138.1,141.3,134.0,136.35,46669
ZENTEC,20200303,54.0,55.45,52.6,55.05,45716
ZICOM,20200303,1.4,1.4,1.35,1.35,1172
ZODIACLOTH,20200303,145.0,159.0,145.0,153.85,2233
ZODJRDMKJ,20200303,33.0,33.0,29.0,29.55,3502
ZOTA,20200303,179.0,179.0,171.0,172.5,25319
ZUARI,20200303,78.6,79.05,74.05,74.85,27944
ZUARIGLOB,20200303,44.1,45.5,43.05,43.7,25354
ZYDUSWELL,20200303,1452.0,1465.35,1433.15,1449.55,33059
